1 0.009965 0.778164 0.015924 0.030755
0 0.901365 0.164106 0.088833 0.090185
1 0.020456 0.232176 0.017370 0.024722
1 0.558624 0.166012 0.012518 0.042319
0 0.977505 0.363667 0.044714 0.112972
1 0.193092 0.046447 0.019039 0.051005
0 0.884974 0.085236 0.080859 0.096657
1 0.051513 0.704313 0.026609 0.041792
0 0.949391 0.310468 0.079802 0.096417
1 0.037474 0.197963 0.025469 0.043704
0 0.857487 0.034222 0.117755 0.067019
0 0.974797 0.128282 0.050406 0.154472
0 0.976690 0.474060 0.046396 0.106287
0 0.488742 0.418859 0.021422 0.065162
0 0.924935 0.235245 0.088656 0.098176
1 0.077535 0.730380 0.021398 0.028981
0 0.993583 0.560597 0.012833 0.114009
0 0.986779 0.052778 0.026359 0.105556