1 0.124164 0.610176 0.027130 0.039917
1 0.188190 0.409306 0.039922 0.042963
1 0.058189 0.145194 0.023789 0.021093
1 0.047711 0.135685 0.023792 0.025852
1 0.117984 0.701493 0.033208 0.035810
1 0.618349 0.511104 0.018510 0.046875
1 0.293336 0.656245 0.026286 0.044185
1 0.012487 0.721104 0.024974 0.030227
1 0.149174 0.621535 0.031682 0.044468
1 0.008505 0.680917 0.016984 0.024843
1 0.118930 0.610405 0.036594 0.039986
1 0.848492 0.643748 0.024094 0.038144
1 0.300594 0.707933 0.026302 0.051912
1 0.186672 0.426178 0.026729 0.038181