0 0.776837 0.182903 0.062341 0.085685
0 0.713664 0.241940 0.099896 0.139611
0 0.512371 0.291854 0.053534 0.112264
0 0.640634 0.360312 0.055190 0.108125
0 0.597568 0.075336 0.052615 0.102736
0 0.466008 0.409954 0.058849 0.119056
0 0.817473 0.647734 0.069909 0.143875
0 0.909505 0.152963 0.066318 0.102963
0 0.698650 0.442463 0.082576 0.116833
0 0.367646 0.646324 0.060292 0.137657
0 0.313517 0.781567 0.065628 0.138912
0 0.444943 0.194023 0.065865 0.081917
1 0.495197 0.273583 0.015216 0.018685
0 0.884408 0.060021 0.025789 0.024708
0 0.881135 0.031456 0.030135 0.030838
0 0.372630 0.110479 0.019698 0.069968
0 0.746760 0.204771 0.058797 0.083986
0 0.630281 0.013454 0.033214 0.024204
0 0.787508 0.132391 0.049401 0.059301
0 0.260892 0.960558 0.038924 0.077940
0 0.808053 0.066975 0.125195 0.133838
0 0.971941 0.061127 0.056117 0.092069