1 0.016818 0.118032 0.015094 0.024861
1 0.210600 0.959722 0.026706 0.047481
1 0.179245 0.393495 0.011354 0.032639
1 0.413142 0.613313 0.014846 0.036810
1 0.835271 0.396421 0.029297 0.038954
1 0.512732 0.889519 0.016229 0.032352
1 0.823275 0.312722 0.014362 0.021333
1 0.855671 0.375440 0.016393 0.022611
0 0.180969 0.532438 0.014401 0.035671
1 0.036423 0.104965 0.014706 0.025116
1 0.272829 0.015394 0.017992 0.022148
1 0.481285 0.891044 0.019091 0.033236
1 0.849492 0.352093 0.017885 0.025546
1 0.790753 0.327509 0.018115 0.030815
1 0.198201 0.344817 0.021125 0.034514
1 0.011299 0.148104 0.016667 0.030116
1 0.172625 0.419870 0.015849 0.018213
1 0.179454 0.343907 0.012534 0.015704
1 0.130721 0.015840 0.015370 0.024894
1 0.139681 0.008016 0.018122 0.016032
1 0.771040 0.337225 0.017076 0.022829
1 0.030730 0.162285 0.012846 0.029292
1 0.048753 0.130148 0.017026 0.044741
1 0.040240 0.152111 0.021630 0.026519
1 0.010206 0.192451 0.020411 0.028412
1 0.084042 0.653613 0.020000 0.026838