0 0.534500 0.580738 0.055120 0.142366
0 0.645977 0.750977 0.012865 0.037000
0 0.220557 0.634836 0.092958 0.150338
0 0.294904 0.895574 0.098786 0.167546
0 0.194469 0.299266 0.081849 0.157671
0 0.180241 0.122148 0.075544 0.136009
0 0.244570 0.720160 0.089729 0.148356
0 0.487904 0.452435 0.066328 0.144639
0 0.657648 0.898720 0.077490 0.167773
0 0.127865 0.166053 0.073984 0.125634
0 0.293414 0.596910 0.063047 0.165042
0 0.563932 0.382053 0.085979 0.117931
0 0.481212 0.299238 0.091117 0.106144
0 0.392496 0.556637 0.067232 0.145847
0 0.444918 0.129549 0.084909 0.097505
0 0.204979 0.538896 0.093370 0.120375
0 0.779339 0.037567 0.092016 0.073421
0 0.902087 0.043521 0.091997 0.079199
0 0.683958 0.197803 0.078568 0.081088
0 0.264432 0.806794 0.096396 0.157097
0 0.061376 0.076532 0.069076 0.101889
0 0.677217 0.032903 0.089508 0.063722
0 0.982589 0.132919 0.034661 0.087181
0 0.990001 0.034882 0.019997 0.068088
0 0.581967 0.018310 0.080555 0.033407
0 0.696419 0.984866 0.041932 0.029870
0 0.594100 0.725611 0.070388 0.146074
0 0.360824 0.990095 0.032607 0.018958
0 0.042639 0.009884 0.057570 0.016380
0 0.183729 0.485259 0.047609 0.045694
0 0.504652 0.931259 0.091456 0.133815
1 0.622725 0.816100 0.013102 0.020079