0 0.615896 0.966009 0.061776 0.066556
0 0.202480 0.199817 0.082044 0.138181
0 0.633357 0.681590 0.093776 0.159051
0 0.289216 0.397581 0.087724 0.148144
0 0.818121 0.774583 0.103638 0.147750
0 0.674301 0.455421 0.081534 0.140630
0 0.267227 0.157426 0.065729 0.142565
0 0.480582 0.399833 0.084945 0.130444
0 0.751281 0.595470 0.088208 0.154532
0 0.337168 0.523519 0.084049 0.130546
0 0.374072 0.588979 0.091497 0.148634
0 0.726214 0.826183 0.091937 0.157782
0 0.614013 0.338539 0.073370 0.129014
0 0.230736 0.264674 0.079044 0.135106
0 0.339014 0.224062 0.067352 0.146181
0 0.548273 0.212475 0.068672 0.125190
0 0.554883 0.912486 0.116516 0.174269
0 0.181270 0.126567 0.084622 0.114431
0 0.818702 0.944706 0.096622 0.108903
0 0.413332 0.662157 0.085680 0.146500
0 0.255043 0.332211 0.084461 0.139940
1 0.580195 0.165715 0.016370 0.042088
0 0.457647 0.757329 0.086544 0.153343
1 0.414092 0.819699 0.020357 0.040787
0 0.159665 0.082391 0.041419 0.057144
0 0.545655 0.541299 0.091456 0.157875
0 0.495305 0.848861 0.084062 0.164880
0 0.488495 0.105623 0.064964 0.124245