0 0.471368 0.948428 0.047284 0.058616
1 0.218801 0.908650 0.025279 0.046005
1 0.170357 0.309412 0.017656 0.023296
1 0.151911 0.335493 0.012297 0.015153
1 0.152871 0.366271 0.014070 0.032060
1 0.094655 0.003164 0.006831 0.006329
1 0.004979 0.159544 0.009958 0.021097
1 0.084559 0.010299 0.014799 0.020597
1 0.399053 0.537613 0.015622 0.038551
1 0.481647 0.788100 0.018320 0.030884
1 0.009378 0.133975 0.018724 0.043134
0 0.163263 0.500963 0.015344 0.034833
1 0.796108 0.255352 0.027383 0.034454
1 0.810999 0.226197 0.016940 0.019940
1 0.805772 0.205831 0.016065 0.026940
1 0.147557 0.393037 0.015437 0.018463
1 0.511421 0.776731 0.012951 0.027102