1 0.757591 0.638556 0.028255 0.042111
1 0.155941 0.027613 0.021659 0.055227
1 0.415306 0.186366 0.016398 0.055880
1 0.225596 0.018595 0.027245 0.036792
1 0.178962 0.028951 0.022440 0.054227
1 0.413883 0.212014 0.023016 0.054861
1 0.783099 0.627361 0.026615 0.040278
1 0.792060 0.581734 0.025359 0.038810
1 0.621734 0.092083 0.018161 0.058306
1 0.826934 0.202051 0.016039 0.021324
1 0.137501 0.469972 0.032940 0.050222
1 0.812790 0.585262 0.019211 0.034847
1 0.199544 0.208535 0.032245 0.038310
1 0.152893 0.070856 0.021948 0.065269
1 0.107882 0.216880 0.021268 0.042843