1 0.074357 0.087963 0.025589 0.047870
0 0.941677 0.208039 0.088656 0.090903
0 0.996352 0.527484 0.007297 0.116264
1 0.060953 0.601667 0.024781 0.037685
1 0.008251 0.625363 0.016398 0.021866
0 0.920681 0.136005 0.087956 0.083407
0 0.877014 0.018102 0.098680 0.034130
1 0.569305 0.109944 0.019844 0.043028
0 0.505141 0.345148 0.021219 0.063630
1 0.084712 0.616519 0.025237 0.024250
0 0.984871 0.109336 0.030258 0.152440
0 0.906352 0.058093 0.080365 0.091130
0 0.985091 0.334252 0.029818 0.111644
0 0.962143 0.283840 0.075260 0.089856
1 0.053819 0.121155 0.017102 0.027486
0 0.981247 0.442014 0.037448 0.111130
1 0.017822 0.658963 0.028523 0.034296