0 0.656095 0.696979 0.016013 0.013171
0 0.937404 0.009118 0.033302 0.016949
0 0.821043 0.012456 0.027477 0.023394
0 0.292938 0.472137 0.056844 0.059727
0 0.429139 0.163838 0.028544 0.097083
0 0.613923 0.928002 0.071461 0.059227
0 0.986342 0.427553 0.027315 0.138764
0 0.598121 0.819343 0.142570 0.096454
0 0.499776 0.600391 0.032214 0.138199
0 0.399936 0.899044 0.036378 0.154366
0 0.781501 0.741833 0.052362 0.146852
0 0.750678 0.925938 0.051221 0.146653
0 0.501458 0.438755 0.029099 0.127787
0 0.507074 0.028641 0.030352 0.056431
0 0.613320 0.986991 0.072375 0.024509
0 0.188109 0.119188 0.011859 0.088032
0 0.806396 0.605963 0.040651 0.032065
0 0.673306 0.712859 0.034966 0.019366