0 0.804311 0.564134 0.041451 0.032537
0 0.296893 0.440604 0.059417 0.062384
0 0.394529 0.986363 0.032396 0.026847
0 0.506001 0.014900 0.026201 0.029181
0 0.430087 0.135549 0.028867 0.096616
0 0.613577 0.887845 0.069971 0.059792
0 0.984641 0.393417 0.030719 0.128806
0 0.613284 0.966537 0.073703 0.065565
0 0.502048 0.407618 0.029727 0.125144
0 0.402372 0.859185 0.035104 0.149769
0 0.597910 0.779581 0.141888 0.095847
0 0.748090 0.893780 0.052992 0.170236
0 0.500624 0.566914 0.032560 0.136125
0 0.779600 0.700326 0.052070 0.144532
0 0.655694 0.659514 0.017383 0.015824
0 0.673471 0.675317 0.036469 0.021866
0 0.179219 0.087546 0.033724 0.092426