1 0.134609 0.395431 0.031500 0.058120
1 0.017363 0.077340 0.017883 0.030144
1 0.617582 0.308706 0.019424 0.051403
1 0.147385 0.319481 0.025854 0.048074
1 0.060419 0.807167 0.040984 0.056241
1 0.765109 0.916118 0.032250 0.042699
1 0.836309 0.426921 0.016263 0.036583
1 0.789870 0.905211 0.033333 0.045977
1 0.164663 0.324944 0.028070 0.050296
1 0.073223 0.449081 0.025081 0.036458
1 0.354214 0.419525 0.031766 0.050875
1 0.106861 0.442215 0.034669 0.031282
1 0.357936 0.476241 0.023508 0.043000
1 0.040884 0.084222 0.019008 0.034926
1 0.205902 0.209780 0.036992 0.044875
1 0.204267 0.226630 0.024836 0.041852
1 0.134151 0.325368 0.028234 0.056958