0 0.773697 0.043981 0.092857 0.079176
0 0.897523 0.051248 0.092125 0.078912
0 0.701684 0.215507 0.078648 0.079088
0 0.461789 0.156454 0.084792 0.096093
0 0.423581 0.663931 0.037677 0.034269
0 0.179358 0.509519 0.047685 0.049398
0 0.484824 0.470819 0.067799 0.145889
0 0.560672 0.399194 0.086484 0.115972
0 0.658616 0.915741 0.077966 0.165981
0 0.477240 0.317303 0.090979 0.105236
0 0.505057 0.944407 0.090646 0.111185
0 0.120960 0.189500 0.074716 0.126083
0 0.389773 0.576454 0.068708 0.143556
0 0.200448 0.564370 0.093771 0.122741
0 0.290361 0.620565 0.063549 0.166676
1 0.620069 0.835720 0.018701 0.022181
0 0.173448 0.144583 0.075979 0.136389
0 0.293104 0.918840 0.097453 0.161847
0 0.188385 0.321611 0.083542 0.157028
0 0.241729 0.747194 0.090031 0.150880
0 0.262104 0.833331 0.096891 0.160579
0 0.217061 0.660981 0.092956 0.152583
0 0.644533 0.771609 0.013576 0.038931
0 0.698949 0.993720 0.029560 0.011810
0 0.532595 0.601444 0.057383 0.148472
0 0.590560 0.745752 0.063146 0.150866
0 0.034190 0.020458 0.068380 0.037111
0 0.987849 0.037241 0.024302 0.072657
0 0.572553 0.024563 0.090680 0.046431
0 0.968206 0.146287 0.063370 0.075981
0 0.053781 0.099900 0.069057 0.101644
0 0.671479 0.038697 0.090208 0.075662