0 0.143406 0.268449 0.044125 0.119556
0 0.978698 0.136826 0.032865 0.082079
0 0.185798 0.428847 0.058898 0.147880
1 0.583969 0.186269 0.012469 0.035889
0 0.887471 0.150227 0.037130 0.113639
0 0.609982 0.257377 0.037677 0.145921
0 0.566411 0.311523 0.041807 0.133917
1 0.413708 0.209356 0.013156 0.041843
0 0.116613 0.144428 0.046695 0.128560
0 0.650897 0.220113 0.039143 0.125079
0 0.217272 0.588843 0.055388 0.167981
0 0.842483 0.164282 0.029404 0.052731
0 0.414223 0.253368 0.011711 0.044097
0 0.090408 0.041775 0.042742 0.083060