0 0.675484 0.818884 0.033005 0.020722
0 0.182139 0.195308 0.015060 0.097042
0 0.286125 0.570225 0.054885 0.058810
0 0.656421 0.805713 0.010784 0.008713
0 0.818427 0.731914 0.019229 0.008366
0 0.960062 0.056773 0.063823 0.092843
0 0.504944 0.076817 0.031414 0.115023
0 0.990958 0.560100 0.018083 0.090755
0 0.827188 0.054509 0.036406 0.109019
0 0.786419 0.865132 0.054245 0.153995
0 0.500052 0.530507 0.031073 0.131894
0 0.497796 0.700333 0.032799 0.146852
0 0.426701 0.245194 0.028714 0.099556
0 0.598357 0.936063 0.145328 0.094245
0 0.396405 0.968072 0.035508 0.061866
0 0.762188 0.989884 0.031115 0.019343
1 0.404990 0.053046 0.011661 0.037806