1 0.019928 0.826053 0.028174 0.027949
1 0.466966 0.452206 0.012620 0.037588
0 0.979225 0.608102 0.041539 0.158398
0 0.837454 0.044535 0.088940 0.086523
0 0.533686 0.058428 0.072773 0.114727
1 0.363654 0.308118 0.013786 0.035866
1 0.007672 0.569282 0.015344 0.016250
1 0.020415 0.793924 0.018232 0.029005
0 0.809264 0.215975 0.090503 0.139764
0 0.850172 0.176810 0.087047 0.133102
0 0.763633 0.071317 0.079917 0.122273
0 0.942185 0.553109 0.071594 0.149644
0 0.621036 0.181289 0.100297 0.196977
0 0.794290 0.387095 0.069331 0.136875
0 0.839483 0.436975 0.075706 0.155792
0 0.668786 0.230289 0.068135 0.139032
0 0.750736 0.338243 0.075435 0.145208
0 0.934154 0.281963 0.093031 0.141870
0 0.707060 0.291961 0.075406 0.141977
0 0.888978 0.497410 0.078471 0.154662
0 0.569432 0.116306 0.070010 0.138083
1 0.008531 0.552650 0.017062 0.024736
1 0.036613 0.805606 0.024591 0.028741
0 0.425736 0.968988 0.014482 0.061162
1 0.379714 0.325375 0.015167 0.037898
0 0.693178 0.021322 0.058169 0.039838
0 0.483142 0.024574 0.055956 0.046500