1 0.709785 0.677764 0.023680 0.037065
1 0.924964 0.447569 0.027453 0.034056
1 0.991255 0.255648 0.017490 0.050463
1 0.608367 0.469417 0.027109 0.041111
1 0.413984 0.713345 0.014063 0.048218
1 0.935336 0.479822 0.033203 0.039079
1 0.722048 0.620234 0.025872 0.052977
1 0.699923 0.639053 0.017242 0.035736
1 0.548311 0.548164 0.034591 0.042745
1 0.540854 0.983259 0.018969 0.032815
0 0.775714 0.724398 0.037068 0.043426
1 0.590732 0.495551 0.018068 0.043806
1 0.568203 0.524808 0.024734 0.050218
1 0.159654 0.630167 0.029984 0.030593
1 0.766447 0.231437 0.025076 0.043884
1 0.781068 0.253056 0.018281 0.043333
1 0.962562 0.020500 0.010870 0.023407