0 0.624909 0.454963 0.109703 0.119352
0 0.646815 0.700132 0.074781 0.148940
0 0.801427 0.871854 0.085906 0.144097
0 0.809979 0.289505 0.061094 0.126407
0 0.688645 0.204692 0.131456 0.136097
0 0.402053 0.768819 0.052773 0.153009
1 0.413866 0.607236 0.011919 0.018407
0 0.759158 0.141699 0.027482 0.032796
0 0.764805 0.165792 0.030870 0.029444
0 0.861624 0.155523 0.056674 0.113685
0 0.573763 0.615697 0.046135 0.127690
0 0.483803 0.328944 0.042456 0.115528
0 0.510592 0.201549 0.040617 0.110690
0 0.431197 0.610600 0.045753 0.130403
0 0.678685 0.357604 0.065984 0.075282
0 0.686186 0.296780 0.058674 0.062625
0 0.627109 0.038815 0.037865 0.076250
0 0.653167 0.402356 0.069245 0.081083
0 0.255792 0.478199 0.012120 0.072759
0 0.342309 0.534984 0.071247 0.062662
0 0.897129 0.064840 0.035763 0.039347
0 0.904659 0.021618 0.036078 0.039903