0 0.326402 0.255653 0.088326 0.160287
0 0.258229 0.096259 0.162448 0.192519
0 0.536146 0.860995 0.174219 0.278009
0 0.951510 0.117269 0.096979 0.234537
0 0.795469 0.687431 0.264010 0.502546
0 0.894740 0.428843 0.210521 0.484167
0 0.636172 0.826250 0.214219 0.347500
0 0.871927 0.567292 0.256146 0.493102
1 0.450477 0.877009 0.012641 0.041519
1 0.467409 0.863125 0.009714 0.020694
0 0.193117 0.023792 0.055938 0.047583
0 0.923125 0.270046 0.153750 0.417593
1 0.483583 0.955028 0.018510 0.043111
1 0.185961 0.172201 0.029797 0.028745
1 0.500665 0.979468 0.017633 0.041065
1 0.482128 0.959014 0.015599 0.035139
1 0.448973 0.881264 0.009633 0.033009
1 0.502178 0.989706 0.014607 0.020356