1 0.458268 0.523699 0.020328 0.031324
1 0.424935 0.559597 0.018151 0.032769
1 0.465520 0.589720 0.020513 0.033977
1 0.821004 0.769373 0.021227 0.044764
1 0.822210 0.812222 0.020773 0.038056
1 0.448633 0.612634 0.018542 0.042019
1 0.862094 0.790822 0.019349 0.036782
1 0.443582 0.159400 0.016534 0.062042
1 0.468134 0.191981 0.016133 0.069657
1 0.427615 0.496178 0.013875 0.026616
1 0.418424 0.527315 0.017620 0.032769
1 0.423796 0.596447 0.021523 0.034329
1 0.864191 0.828431 0.026805 0.035639
1 0.866112 0.299882 0.020432 0.034218
1 0.463283 0.556225 0.020602 0.029875
1 0.442953 0.493102 0.018974 0.032769
1 0.840225 0.850475 0.021008 0.033292