1 0.041828 0.677204 0.039917 0.045000
1 0.669297 0.454426 0.021208 0.043435
1 0.099965 0.044750 0.017414 0.046204
1 0.807715 0.829931 0.021638 0.061898
1 0.820837 0.257296 0.024924 0.052213
0 0.464742 0.115519 0.030594 0.038435
1 0.087680 0.412991 0.031458 0.044352
1 0.447228 0.010035 0.011331 0.020069
1 0.074046 0.079877 0.021971 0.025875
1 0.092393 0.072780 0.009698 0.016782
1 0.798137 0.848502 0.016201 0.048227
1 0.831984 0.270627 0.027927 0.048569
1 0.084260 0.029928 0.013734 0.031162
1 0.971327 0.035528 0.016919 0.036370