0 0.503387 0.087167 0.071232 0.132426
0 0.776647 0.397766 0.066367 0.141616
0 0.912462 0.275611 0.094242 0.136824
0 0.686284 0.311637 0.072427 0.147153
0 0.541677 0.149137 0.067302 0.142218
0 0.930096 0.549148 0.068969 0.154148
0 0.731064 0.353694 0.072799 0.149269
0 0.875194 0.498486 0.074654 0.158778
0 0.824263 0.179183 0.090948 0.127514
0 0.814622 0.254058 0.092531 0.128264
0 0.645443 0.253979 0.065167 0.142014
0 0.457366 0.045780 0.069273 0.089153
0 0.806478 0.044264 0.089815 0.085444
0 0.974708 0.597414 0.050516 0.161236
0 0.649866 0.030296 0.081560 0.057704
0 0.989203 0.383067 0.021594 0.121282
1 0.458651 0.475458 0.013432 0.037944
0 0.404962 0.020701 0.051857 0.038745
1 0.015461 0.925951 0.021536 0.030005
0 0.734517 0.082167 0.081294 0.120167
1 0.032857 0.932977 0.024755 0.040028
1 0.013145 0.957417 0.024721 0.026185
1 0.357779 0.381280 0.015500 0.037968
0 0.595822 0.209252 0.096445 0.204412
0 0.823355 0.442729 0.072133 0.160875
1 0.341185 0.363683 0.013047 0.036792