0 0.448059 0.590106 0.077424 0.152102
0 0.786227 0.504153 0.101323 0.118824
0 0.705337 0.575150 0.091987 0.132347
0 0.706974 0.910546 0.079453 0.178602
0 0.437534 0.251847 0.087104 0.118278
0 0.146866 0.136403 0.074742 0.144343
0 0.250040 0.299106 0.081289 0.154361
0 0.396949 0.516171 0.076945 0.146917
0 0.513092 0.367618 0.094544 0.138949
0 0.351270 0.457824 0.083508 0.151870
0 0.608892 0.787738 0.070102 0.172968
0 0.655568 0.860796 0.079750 0.189722
0 0.807790 0.689847 0.102914 0.149213
0 0.491142 0.662067 0.072591 0.162069
0 0.552340 0.737639 0.103794 0.247843
0 0.096161 0.043123 0.040042 0.057144
1 0.283586 0.967560 0.018458 0.028519
1 0.262492 0.953498 0.014401 0.033569
0 0.881276 0.992245 0.035802 0.014111
0 0.990271 0.925245 0.019458 0.138602
0 0.821357 0.960829 0.061172 0.077139
0 0.760874 0.937384 0.068555 0.123574
0 0.119530 0.075109 0.079044 0.123532
0 0.907788 0.801933 0.106201 0.155495
0 0.434776 0.017870 0.033260 0.035741
0 0.486415 0.060201 0.070753 0.110958
0 0.560548 0.161498 0.074758 0.115958
0 0.255478 0.064035 0.073497 0.125801
0 0.180682 0.188565 0.072146 0.141926
0 0.607007 0.469833 0.092492 0.138537
0 0.626922 0.253197 0.083047 0.126625
0 0.709816 0.360187 0.088492 0.127866
0 0.207305 0.080639 0.071974 0.131065
0 0.210764 0.248023 0.077023 0.147111
0 0.308652 0.406481 0.078013 0.134815
1 0.425848 0.708271 0.014789 0.039588