0 0.973967 0.018287 0.028263 0.020648
0 0.874723 0.046396 0.044461 0.064060
0 0.291555 0.626218 0.056234 0.125778
0 0.594966 0.101405 0.058865 0.102801
0 0.710359 0.205528 0.059000 0.093611
0 0.794070 0.119347 0.095521 0.142417
0 0.799659 0.120030 0.106943 0.143681
0 0.977165 0.090403 0.045492 0.084028
3 0.524736 0.836400 0.079419 0.149366
0 0.846241 0.484394 0.051940 0.100315
0 0.424681 0.368435 0.062977 0.115167
0 0.538475 0.192238 0.062898 0.103292
0 0.828842 0.105090 0.050742 0.095412
1 0.585469 0.067361 0.014115 0.026759
0 0.757275 0.284725 0.084930 0.095495
0 0.860462 0.089451 0.059404 0.086088
0 0.153904 0.993319 0.027026 0.012861
0 0.363751 0.466507 0.066591 0.114171
0 0.917842 0.035306 0.083331 0.069565