0 0.483523 0.091521 0.064964 0.124245
0 0.371940 0.575618 0.090318 0.149153
0 0.224792 0.257366 0.077495 0.136769
0 0.152072 0.076868 0.041419 0.057144
0 0.608340 0.318697 0.073898 0.127866
0 0.196017 0.193523 0.080669 0.138093
0 0.173400 0.121963 0.084633 0.115898
0 0.612891 0.953380 0.069224 0.091102
0 0.552307 0.900458 0.120516 0.197917
1 0.570672 0.143662 0.015292 0.041991
1 0.416544 0.813602 0.017974 0.025537
0 0.457493 0.740463 0.085299 0.153306
0 0.821411 0.928968 0.101526 0.141204
0 0.476133 0.383144 0.085000 0.129435
0 0.631383 0.659178 0.093328 0.155634
0 0.747475 0.568190 0.087789 0.151704
0 0.412059 0.647600 0.085279 0.145375
0 0.542536 0.521840 0.092349 0.155875
0 0.725052 0.797991 0.092240 0.154315
0 0.284997 0.386937 0.086943 0.148486
0 0.815655 0.742674 0.102940 0.144125
0 0.495743 0.828616 0.082997 0.165880
0 0.541579 0.196597 0.068430 0.120370
0 0.329185 0.205572 0.066214 0.141264
0 0.334284 0.511491 0.082828 0.131250
0 0.260174 0.149683 0.067344 0.141032
0 0.669310 0.431928 0.082943 0.138866
0 0.249883 0.324873 0.084214 0.142125