3 0.596943 0.474125 0.072672 0.121907
0 0.956671 0.335810 0.034154 0.019083
0 0.719842 0.004155 0.017888 0.008310
1 0.742616 0.833451 0.020576 0.020875
2 0.172115 0.927993 0.081974 0.143449
0 0.970911 0.059065 0.058052 0.115917
0 0.442837 0.166241 0.059591 0.091056
0 0.888404 0.085676 0.060708 0.059648
0 0.602556 0.042356 0.068622 0.078028
0 0.917188 0.161500 0.082094 0.060741
0 0.531464 0.082697 0.065812 0.079106
0 0.253461 0.402600 0.065849 0.105319
1 0.742988 0.872877 0.021081 0.020755
1 0.746405 0.854213 0.015544 0.020861