1 0.181267 0.079606 0.029003 0.033204
0 0.799440 0.561157 0.270234 0.491111
0 0.871380 0.437106 0.257240 0.484861
0 0.659023 0.770208 0.252839 0.459583
0 0.893542 0.301134 0.212917 0.483194
1 0.489633 0.846546 0.018703 0.036056
1 0.455594 0.773512 0.013292 0.038690
0 0.574063 0.806458 0.239063 0.387083
1 0.473876 0.753565 0.011596 0.023065
0 0.230807 0.049028 0.116094 0.098056
1 0.507240 0.875213 0.017604 0.044407
0 0.321643 0.157870 0.089583 0.160370
0 0.920887 0.171507 0.158227 0.343014
0 0.969275 0.055956 0.061451 0.111912