0 0.620611 0.014394 0.044841 0.026370
0 0.800527 0.010044 0.035346 0.016986
1 0.456316 0.175375 0.012060 0.037583
1 0.081055 0.429310 0.018370 0.027296
1 0.443810 0.153694 0.013552 0.031491
0 0.430016 0.787595 0.015021 0.078671
0 0.852491 0.168419 0.081727 0.146171
0 0.969832 0.584750 0.060336 0.135778
1 0.091852 0.257220 0.022453 0.031764
0 0.693771 0.941509 0.045583 0.034833
0 0.032754 0.601220 0.026497 0.053829
0 0.929529 0.196734 0.081240 0.146171
0 0.662447 0.052192 0.077117 0.101875
0 0.746514 0.182076 0.075992 0.126060
0 0.932732 0.512660 0.086542 0.136884
0 0.851896 0.374178 0.076026 0.125986
1 0.085158 0.260868 0.015154 0.039810
0 0.029207 0.533285 0.033513 0.038894
0 0.814448 0.312662 0.083198 0.130519
0 0.777025 0.254405 0.083049 0.124681
0 0.897111 0.424847 0.083331 0.144083
0 0.705201 0.118762 0.112500 0.174227
0 0.937428 0.064535 0.083815 0.119884
0 0.856585 0.064625 0.075060 0.125389
0 0.979479 0.322618 0.040906 0.146273
1 0.496900 0.378303 0.012659 0.040532
0 0.992098 0.653222 0.015805 0.145852
0 0.969898 0.584782 0.060203 0.135074
1 0.072841 0.458507 0.025182 0.042236
0 0.732634 0.987685 0.030008 0.024630
1 0.096757 0.449690 0.017122 0.039352
1 0.078465 0.244102 0.017216 0.033630