0 0.799516 0.698782 0.068724 0.184685
1 0.298685 0.759745 0.012578 0.029861
0 0.184831 0.007597 0.030630 0.013778
0 0.332716 0.008257 0.030411 0.014606
0 0.528401 0.011032 0.034656 0.019259
1 0.276805 0.742917 0.015943 0.030750
1 0.430379 0.615405 0.014346 0.039375
0 0.976422 0.575262 0.046813 0.119588
0 0.109566 0.043859 0.058826 0.085625
0 0.223112 0.146231 0.073854 0.154741
0 0.582613 0.050127 0.081352 0.097421
0 0.149372 0.064979 0.062698 0.126486
0 0.540465 0.493329 0.091206 0.230222
0 0.746595 0.241903 0.095919 0.098741
0 0.181335 0.109016 0.068164 0.142431
0 0.971411 0.824433 0.057115 0.182310
0 0.576977 0.240095 0.091734 0.128995
0 0.401389 0.069192 0.087555 0.107597
0 0.667337 0.123329 0.084846 0.110315
0 0.694293 0.621431 0.068883 0.167796
0 0.595664 0.530331 0.060422 0.156236
0 0.675271 0.318257 0.088609 0.115421
0 0.379199 0.323095 0.069987 0.145282
0 0.643655 0.584125 0.068518 0.170685
0 0.746370 0.658262 0.063281 0.163551
0 0.478233 0.440174 0.063852 0.156764
0 0.917592 0.786734 0.065034 0.179866
0 0.776289 0.402947 0.099073 0.126653
0 0.857130 0.746870 0.071172 0.184583
0 0.330522 0.275657 0.076633 0.149213
0 0.285725 0.236729 0.071424 0.134319
0 0.481578 0.164720 0.094099 0.124560
0 0.876871 0.485590 0.105310 0.130690
0 0.433034 0.381699 0.069339 0.147509