1 0.051361 0.620507 0.033451 0.033977
1 0.050306 0.663336 0.031805 0.034347
1 0.371362 0.228780 0.018672 0.059301
1 0.226178 0.052021 0.020560 0.070347
1 0.246842 0.482745 0.017539 0.044741
1 0.247190 0.483912 0.017979 0.046565
1 0.309712 0.542035 0.017893 0.046718
1 0.057238 0.144090 0.023544 0.034394
1 0.166039 0.537502 0.025146 0.036569
1 0.261385 0.503843 0.018078 0.042815
1 0.109654 0.338963 0.038245 0.063407
1 0.047100 0.161280 0.015253 0.034394
1 0.543917 0.258620 0.022078 0.030333
1 0.553516 0.242218 0.018240 0.027306
1 0.209728 0.150979 0.023289 0.054144
1 0.714370 0.038808 0.018953 0.027514
1 0.725118 0.025660 0.019289 0.024051