0 0.651133 0.803611 0.242057 0.392778
0 0.894518 0.375810 0.210964 0.479120
0 0.922669 0.216088 0.154661 0.412083
0 0.797773 0.635741 0.266484 0.498796
1 0.453034 0.835162 0.012422 0.041435
0 0.324277 0.216148 0.089654 0.161741
1 0.184688 0.133935 0.030260 0.030741
1 0.485794 0.912505 0.018464 0.036861
0 0.245990 0.077104 0.141771 0.154208
0 0.193760 0.004356 0.010745 0.008713
1 0.503809 0.940954 0.018102 0.043944
1 0.470932 0.818586 0.010703 0.020903
0 0.551836 0.838958 0.198880 0.322083
0 0.950026 0.092477 0.099948 0.184954
0 0.871979 0.515486 0.256042 0.490694