1 0.985609 0.166549 0.017260 0.033569
0 0.290275 0.664491 0.027940 0.034444
0 0.171456 0.925718 0.029891 0.028009
1 0.257272 0.755312 0.012674 0.019847
1 0.248491 0.734095 0.012977 0.022366
1 0.385435 0.953850 0.012948 0.023023
1 0.398384 0.943780 0.017805 0.034532
1 0.407288 0.929391 0.011331 0.023023
1 0.253572 0.650201 0.017503 0.039144
1 0.578703 0.669373 0.012099 0.024282
1 0.575191 0.696782 0.012102 0.022204
1 0.570475 0.458521 0.007357 0.022773
1 0.594689 0.437231 0.007242 0.013907
1 0.627781 0.242368 0.010302 0.027764
1 0.663475 0.224868 0.013096 0.024431
1 0.331480 0.720292 0.012596 0.019444
1 0.441669 0.512470 0.012354 0.025329
1 0.653611 0.297988 0.011409 0.026162
1 0.996053 0.162111 0.007893 0.025426
1 0.647525 0.239678 0.010539 0.024875
1 0.662862 0.310637 0.012339 0.031042
1 0.670352 0.240516 0.010828 0.022949
1 0.851281 0.010345 0.011344 0.020690
1 0.712160 0.114618 0.011352 0.032616
1 0.795544 0.387722 0.013490 0.032972
1 0.719199 0.099664 0.011331 0.027338
1 0.264543 0.636377 0.016997 0.034532
1 0.338535 0.742310 0.012607 0.020231
1 0.085732 0.869102 0.012141 0.047481
1 0.070758 0.878454 0.016188 0.040287