1 0.864268 0.886618 0.027750 0.036116
1 0.457728 0.668731 0.019951 0.030648
1 0.433440 0.566674 0.017563 0.035273
1 0.409669 0.604412 0.021682 0.032769
1 0.415320 0.644845 0.018609 0.035236
1 0.855158 0.342079 0.021466 0.035852
1 0.416284 0.572979 0.012359 0.026051
1 0.453984 0.632988 0.020818 0.030644
1 0.821245 0.824366 0.022385 0.034287
1 0.822633 0.873861 0.019484 0.038481
1 0.433717 0.218877 0.019206 0.051412
1 0.459379 0.268794 0.018430 0.055097
1 0.440150 0.694725 0.019362 0.041208
1 0.449721 0.600660 0.018271 0.027153
1 0.415094 0.679095 0.023089 0.039375
1 0.863721 0.844074 0.020839 0.044574
1 0.842176 0.911648 0.021008 0.033296