1 0.527152 0.776764 0.012674 0.036380
1 0.489710 0.335600 0.015529 0.041755
1 0.467725 0.311481 0.017883 0.028426
1 0.514427 0.698711 0.024219 0.054551
1 0.829922 0.568310 0.019167 0.036157
1 0.866921 0.634868 0.027357 0.033782
1 0.829572 0.608255 0.024508 0.035065
1 0.507290 0.319613 0.016534 0.025588
1 0.513039 0.771102 0.015714 0.042481
1 0.509174 0.285208 0.016276 0.028843
1 0.916863 0.160502 0.020336 0.030199
1 0.468310 0.249854 0.014422 0.029366
1 0.508142 0.257956 0.014310 0.026005
1 0.542518 0.771016 0.015224 0.033245
1 0.538939 0.703137 0.018008 0.033403
1 0.867995 0.601303 0.020156 0.030940
1 0.473122 0.281551 0.020161 0.035509
1 0.478977 0.227882 0.013333 0.031227
1 0.494701 0.225866 0.016693 0.037565
1 0.841857 0.647280 0.017620 0.026023