0 0.514441 0.822968 0.059346 0.103991
0 0.011884 0.188231 0.023758 0.084537
0 0.321969 0.973745 0.048865 0.051759
0 0.119613 0.437206 0.059904 0.071616
0 0.146332 0.939444 0.053737 0.097093
0 0.755430 0.257854 0.041786 0.087903
0 0.112840 0.827382 0.064768 0.103005
0 0.118876 0.893657 0.064378 0.098676
0 0.201996 0.340144 0.051398 0.110176
0 0.058997 0.615127 0.055406 0.100755
0 0.289747 0.708944 0.060156 0.103287
0 0.191475 0.944530 0.099294 0.109931
0 0.077305 0.340127 0.059036 0.098069
0 0.233945 0.607199 0.056583 0.096509
0 0.098134 0.755352 0.105091 0.143944