1 0.198089 0.113257 0.009427 0.029116
1 0.208727 0.115544 0.012109 0.033921
1 0.459661 0.287410 0.008672 0.026023
1 0.226559 0.498312 0.009711 0.034532
1 0.439333 0.341861 0.012469 0.026019
0 0.393151 0.046477 0.023750 0.023019
1 0.365260 0.022819 0.011302 0.043991
1 0.439061 0.299215 0.011924 0.027468
1 0.396354 0.070542 0.008177 0.032806
1 0.401562 0.081991 0.007187 0.030648
1 0.852697 0.026991 0.009508 0.032037
1 0.374766 0.017755 0.011042 0.035509
1 0.623353 0.176947 0.008216 0.025625
1 0.629809 0.154676 0.010904 0.025185
1 0.448555 0.293676 0.008099 0.026981
1 0.205173 0.480546 0.016185 0.025898
1 0.459181 0.096579 0.007003 0.031935
1 0.451720 0.078951 0.004846 0.029384
0 0.272792 0.187144 0.023865 0.021787
1 0.113755 0.535255 0.011938 0.030324