1 0.943586 0.014039 0.013995 0.026958
1 0.897917 0.414139 0.025089 0.033093
1 0.827254 0.481685 0.020909 0.032269
1 0.816824 0.417139 0.008383 0.035954
1 0.130217 0.389301 0.007102 0.017787
1 0.107203 0.361854 0.010969 0.020551
1 0.705518 0.856417 0.015448 0.025139
1 0.805126 0.526451 0.019487 0.027995
1 0.075940 0.392058 0.023745 0.031810
1 0.708124 0.654815 0.010992 0.036481
1 0.795518 0.508632 0.017688 0.031144
1 0.844576 0.338678 0.015130 0.027616
1 0.617283 0.985736 0.013096 0.027667
1 0.699432 0.667500 0.011104 0.031667
1 0.587935 0.963201 0.010682 0.020718
1 0.689637 0.841581 0.014076 0.029292
1 0.808914 0.414581 0.006005 0.016856
1 0.554150 0.994282 0.014982 0.011435