1 0.029318 0.820801 0.026156 0.024602
1 0.831229 0.840262 0.018943 0.028477
1 0.832322 0.809190 0.013971 0.027759
1 0.976693 0.347424 0.014219 0.036606
1 0.938789 0.800470 0.022661 0.023023
1 0.067073 0.741637 0.018417 0.032560
1 0.086596 0.812562 0.015193 0.019690
1 0.832628 0.807662 0.012245 0.023657
1 0.086689 0.812160 0.014852 0.017449
1 0.053148 0.865796 0.018333 0.016972
1 0.974203 0.341007 0.011620 0.023486
1 0.030656 0.851984 0.022547 0.024755
1 0.016928 0.882162 0.018435 0.025231
1 0.043254 0.907861 0.012732 0.014852