0 0.171922 0.103486 0.133437 0.080371
0 0.163680 0.295937 0.121078 0.081445
0 0.532867 0.724775 0.149016 0.091309
0 0.197453 0.603008 0.110531 0.087695
0 0.551820 0.534160 0.146859 0.082500
0 0.566219 0.318770 0.140969 0.083359
0 0.171578 0.103701 0.133313 0.080410
0 0.506367 0.917520 0.146859 0.088398
0 0.167945 0.203555 0.127859 0.074805
0 0.211719 0.697461 0.113438 0.081367
0 0.566062 0.122949 0.136969 0.086563
0 0.547836 0.630322 0.144922 0.087559
0 0.171484 0.494111 0.129625 0.076582
0 0.173086 0.402930 0.133984 0.079023