1 0.442477 0.820484 0.019906 0.029144
1 0.413008 0.753176 0.018734 0.045796
1 0.390759 0.799322 0.020294 0.040940
1 0.399736 0.837486 0.017956 0.035389
1 0.444849 0.858174 0.021771 0.038153
1 0.411629 0.375817 0.016445 0.053810
1 0.836659 0.453509 0.022813 0.039352
1 0.432719 0.787178 0.019125 0.031921
1 0.411608 0.376042 0.016742 0.053398
1 0.399858 0.879870 0.022034 0.044546
1 0.826815 0.971551 0.021859 0.037454
1 0.396650 0.762319 0.016320 0.033065
1 0.428165 0.891421 0.017992 0.044120
1 0.868685 0.981618 0.019714 0.036764
1 0.447635 0.444118 0.016036 0.048792