0 0.170016 0.547657 0.108885 0.086843
0 0.170801 0.390544 0.036706 0.109329
0 0.183461 0.827329 0.140526 0.127861
0 0.019568 0.955361 0.039094 0.082944
0 0.082831 0.360134 0.041922 0.125731
0 0.030983 0.800120 0.037482 0.144167
0 0.344672 0.649984 0.041875 0.119773
0 0.245936 0.246697 0.055727 0.094310
0 0.516710 0.948350 0.066596 0.072995
0 0.030924 0.800088 0.037437 0.144324
0 0.912539 0.602044 0.060703 0.075653
0 0.357366 0.243160 0.060909 0.090125
0 0.164415 0.623414 0.066284 0.063764
0 0.154164 0.688100 0.066802 0.066681
0 0.305191 0.945870 0.042383 0.106380
0 0.163714 0.750192 0.061724 0.070125
0 0.251177 0.154181 0.040458 0.111722
0 0.320945 0.513343 0.038313 0.108583