0 0.358329 0.955296 0.058706 0.088296
0 0.579203 0.157262 0.053729 0.140755
0 0.533275 0.042859 0.048534 0.085718
0 0.610128 0.044764 0.043703 0.088620
0 0.010060 0.991178 0.020120 0.017644
0 0.098839 0.884301 0.084339 0.120324
0 0.098906 0.884414 0.083922 0.120125
0 0.076642 0.954373 0.075227 0.089634
0 0.554151 0.734065 0.098422 0.100639
0 0.146531 0.828468 0.084271 0.130972
0 0.087872 0.214840 0.069297 0.139023
0 0.496262 0.443343 0.061143 0.159713
0 0.285344 0.572109 0.070229 0.151245
0 0.188233 0.759563 0.139279 0.185616
0 0.209607 0.420449 0.101500 0.147537