0 0.662233 0.373789 0.025039 0.030273
0 0.671991 0.390532 0.032148 0.029602
0 0.650012 0.996009 0.018466 0.007694
0 0.793259 0.259236 0.043659 0.035111
0 0.800448 0.208694 0.031896 0.026981
0 0.324694 0.176118 0.062763 0.066042
0 0.615747 0.575634 0.066865 0.058667
0 0.597147 0.706567 0.074456 0.068727
0 0.552374 0.959178 0.033674 0.080079
0 0.179957 0.990025 0.013331 0.019949
0 0.409694 0.709924 0.034180 0.131347
0 0.772117 0.377269 0.049161 0.131361
0 0.601074 0.473146 0.131706 0.096699
0 0.740858 0.547449 0.051227 0.147722
0 0.614706 0.642954 0.068771 0.063898
0 0.513983 0.152669 0.028237 0.114968
0 0.420182 0.546808 0.033026 0.127347
0 0.512047 0.295192 0.030714 0.122282
0 0.575382 0.782454 0.116081 0.098185
0 0.974930 0.110833 0.050141 0.118500