0 0.896023 0.554354 0.057776 0.072736
0 0.167846 0.390421 0.037557 0.106963
0 0.344224 0.632845 0.042958 0.117384
0 0.028344 0.946940 0.039875 0.081398
0 0.039216 0.795257 0.035990 0.141792
0 0.168335 0.740565 0.060206 0.070213
0 0.517704 0.911303 0.064477 0.076727
0 0.170617 0.543968 0.108401 0.088852
0 0.188573 0.815572 0.135573 0.132403
0 0.166208 0.617542 0.065542 0.066454
0 0.349302 0.236523 0.058396 0.089435
0 0.242483 0.253868 0.051805 0.088310
0 0.157960 0.681905 0.065393 0.066819
0 0.242305 0.154965 0.041557 0.108931
0 0.081057 0.365264 0.038870 0.122815
0 0.317477 0.502144 0.038594 0.105167
0 0.313197 0.935218 0.046513 0.128083