1 0.410591 0.599951 0.014260 0.037051
1 0.481811 0.872438 0.019768 0.032653
1 0.827180 0.367336 0.030661 0.041745
1 0.847747 0.346537 0.016120 0.023583
1 0.840849 0.321766 0.015240 0.027394
1 0.174452 0.389190 0.011768 0.033565
1 0.028275 0.106002 0.014003 0.024894
1 0.031701 0.153826 0.020266 0.024690
1 0.006517 0.198280 0.013034 0.023069
1 0.023220 0.163394 0.012320 0.029167
1 0.005855 0.151625 0.011711 0.030361
1 0.193410 0.335963 0.020414 0.026778
0 0.177663 0.527194 0.013456 0.036093
1 0.815111 0.284394 0.013378 0.015037
1 0.782104 0.300428 0.015438 0.024042
1 0.762911 0.311236 0.017214 0.019426
1 0.263337 0.011972 0.016393 0.023944
1 0.513060 0.868970 0.016229 0.030894
1 0.106305 0.666116 0.017870 0.023056
1 0.123638 0.023102 0.020328 0.018056
1 0.122686 0.007762 0.016982 0.015523
1 0.167056 0.414618 0.015164 0.017245
1 0.041385 0.121354 0.017021 0.033866
1 0.009371 0.122965 0.014591 0.029995
1 0.172625 0.338512 0.013292 0.014690
1 0.213647 0.951769 0.028367 0.048259