1 0.144973 0.234019 0.027685 0.052435
1 0.172134 0.183238 0.018539 0.054792
1 0.172036 0.186458 0.019635 0.062398
1 0.164337 0.186356 0.012721 0.054130
1 0.387891 0.306988 0.025729 0.055986
1 0.787669 0.771264 0.030911 0.041824
1 0.620486 0.206472 0.017414 0.052593
1 0.388271 0.353400 0.027625 0.037829
1 0.797036 0.731350 0.023740 0.053810
1 0.763169 0.782806 0.030849 0.041815
1 0.099150 0.647465 0.038117 0.030421
1 0.216488 0.127051 0.024471 0.046880
1 0.216393 0.110655 0.033318 0.046208
1 0.834613 0.320308 0.016940 0.032162
1 0.093863 0.336544 0.021706 0.035384
1 0.153406 0.318505 0.027854 0.033065
1 0.148839 0.191310 0.019156 0.049806