0 0.605135 0.044444 0.063615 0.087731
1 0.737299 0.940194 0.021391 0.019028
0 0.952757 0.021949 0.030628 0.043852
0 0.893207 0.034958 0.036862 0.068907
0 0.857833 0.050127 0.084297 0.100255
0 0.417983 0.253535 0.065456 0.099301
0 0.173509 0.726588 0.065971 0.126907
0 0.482889 0.178720 0.064763 0.102190
0 0.809012 0.172560 0.084315 0.079583
0 0.769887 0.098465 0.059372 0.080255
3 0.541598 0.627551 0.074846 0.131222
0 0.338400 0.379676 0.058753 0.110898
0 0.875604 0.354333 0.040135 0.055694
0 0.651398 0.009435 0.028661 0.017583
0 0.983663 0.015766 0.032497 0.031505
0 0.922281 0.031681 0.053099 0.062019
1 0.741926 0.980715 0.021081 0.020755
1 0.743069 0.958535 0.015544 0.020866