1 0.694986 0.898650 0.012466 0.025625
1 0.071285 0.446625 0.025867 0.028417
1 0.803546 0.591426 0.019039 0.027176
1 0.710049 0.714472 0.009953 0.034574
1 0.810285 0.469780 0.009107 0.021181
1 0.701118 0.730495 0.011039 0.034657
1 0.792811 0.575345 0.019607 0.034310
1 0.103003 0.414806 0.011266 0.022056
1 0.710885 0.912993 0.014552 0.034023
1 0.124488 0.445979 0.008612 0.021375
1 0.902919 0.465451 0.020068 0.024829
1 0.943105 0.050972 0.018883 0.034769
1 0.820264 0.472141 0.009107 0.034514
1 0.827328 0.556016 0.019719 0.041014
1 0.841615 0.402690 0.016984 0.028296
1 0.947891 0.052479 0.015885 0.034671