0 0.244145 0.232257 0.087320 0.105699
0 0.638669 0.942569 0.084193 0.114204
0 0.514324 0.615012 0.079039 0.145866
0 0.512208 0.180773 0.060062 0.142435
0 0.603870 0.436972 0.062089 0.134074
0 0.587210 0.119398 0.081951 0.122037
0 0.277440 0.394100 0.084760 0.128042
0 0.325562 0.290692 0.056313 0.151829
0 0.355426 0.697697 0.090169 0.127560
0 0.384262 0.780813 0.099674 0.147301
0 0.658207 0.591769 0.071857 0.147963
0 0.294281 0.470794 0.092568 0.133236
0 0.256648 0.315194 0.087464 0.131370
0 0.556757 0.307056 0.056747 0.135056
1 0.066095 0.879727 0.014529 0.017213
0 0.226620 0.179947 0.045021 0.054264
1 0.654105 0.459525 0.021138 0.029458
0 0.416419 0.874472 0.094740 0.144796
0 0.405898 0.226532 0.035620 0.073148
0 0.710391 0.741664 0.081411 0.167051
0 0.321279 0.549306 0.095229 0.141204
0 0.565999 0.789174 0.088513 0.189921
0 0.775956 0.915201 0.084099 0.169014
0 0.643454 0.386998 0.016727 0.045356
0 0.514283 0.614863 0.078867 0.146329
0 0.244414 0.045634 0.066073 0.090370
0 0.418385 0.534030 0.060031 0.153894
0 0.510161 0.047778 0.086599 0.093880
0 0.454212 0.959303 0.090440 0.079801
0 0.502056 0.145065 0.039758 0.071019
0 0.644673 0.389852 0.012112 0.034093
0 0.562602 0.346183 0.033646 0.057949
1 0.394672 0.992269 0.021859 0.015463
1 0.066103 0.882829 0.012638 0.021648