1 0.609276 0.540451 0.010812 0.023727
1 0.559592 0.576100 0.012076 0.029060
1 0.657139 0.535157 0.011966 0.028463
1 0.789958 0.126356 0.008313 0.030250
1 0.816458 0.122396 0.016979 0.045162
1 0.846320 0.158701 0.020953 0.033977
1 0.781755 0.125752 0.006167 0.014792
1 0.127632 0.105616 0.013128 0.019417
1 0.691474 0.332444 0.009583 0.028713
1 0.991348 0.340356 0.016966 0.034843
1 0.198797 0.824586 0.022448 0.024458
1 0.682421 0.350525 0.010883 0.031319
1 0.545656 0.788778 0.006729 0.018296
1 0.573600 0.765229 0.012721 0.019162
1 0.670462 0.546435 0.014883 0.027222
1 0.624285 0.557854 0.012216 0.024384
1 0.799760 0.652012 0.012927 0.027977
1 0.369814 0.954713 0.015378 0.025898
1 0.843310 0.013259 0.011661 0.025370
1 0.787074 0.174440 0.015263 0.037667
1 0.796533 0.192266 0.014836 0.031255
1 0.586922 0.568294 0.009880 0.021199