0 0.505249 0.059576 0.031534 0.114875
0 0.500299 0.510229 0.031250 0.130394
0 0.397257 0.955755 0.035836 0.088491
1 0.405210 0.037773 0.012706 0.037417
0 0.825625 0.045662 0.035677 0.090954
0 0.759357 0.976301 0.042047 0.047398
0 0.990068 0.523882 0.019865 0.115264
0 0.286473 0.548178 0.051383 0.055801
0 0.183189 0.179590 0.015992 0.095940
0 0.812669 0.704028 0.033854 0.013009
0 0.675430 0.794773 0.035292 0.020917
0 0.656094 0.781606 0.012745 0.009296
0 0.785440 0.838266 0.054427 0.152560
0 0.957544 0.041544 0.064240 0.083088
0 0.427057 0.227632 0.028656 0.100042
0 0.498469 0.678609 0.032958 0.143764
0 0.598305 0.911215 0.144620 0.096144