1 0.966036 0.193660 0.021583 0.034773
1 0.716848 0.955035 0.010435 0.029792
1 0.791878 0.817863 0.024281 0.031653
1 0.963771 0.216771 0.015458 0.036782
1 0.826676 0.820861 0.021008 0.035870
1 0.706570 0.966602 0.013328 0.031722
1 0.823939 0.681426 0.018320 0.033537
1 0.715944 0.953752 0.010388 0.021282
1 0.705987 0.966620 0.010432 0.029796
1 0.801199 0.839317 0.019424 0.023023
1 0.834904 0.634470 0.015870 0.026875
1 0.105901 0.659384 0.014604 0.024139
1 0.083740 0.604581 0.017818 0.028801
1 0.047548 0.655030 0.025685 0.023551
1 0.921388 0.658743 0.023469 0.027338