0 0.267345 0.991106 0.029096 0.016370
0 0.372656 0.257183 0.069115 0.094597
0 0.129538 0.792000 0.068831 0.070389
0 0.228242 0.185363 0.050891 0.104819
0 0.316299 0.552470 0.037214 0.123810
0 0.261693 0.140875 0.040469 0.124935
0 0.334504 0.713044 0.041914 0.136940
0 0.158902 0.390065 0.037258 0.122463
0 0.122849 0.722141 0.074823 0.069051
0 0.147957 0.567840 0.122258 0.085338
0 0.145453 0.886389 0.157896 0.126343
0 0.972943 0.764782 0.054115 0.079102
0 0.063917 0.345433 0.052542 0.138051
0 0.138099 0.650005 0.073542 0.062926