1 0.426040 0.901292 0.023039 0.036139
1 0.725659 0.019137 0.024125 0.037588
1 0.729435 0.041741 0.018734 0.054120
1 0.390749 0.879074 0.017888 0.038046
1 0.388499 0.915759 0.028732 0.040981
1 0.409240 0.866370 0.019781 0.035685
1 0.438102 0.935743 0.020057 0.030838
1 0.440948 0.973088 0.020328 0.035176
1 0.829658 0.521370 0.022815 0.039352
1 0.392448 0.957699 0.019740 0.046565
1 0.990044 0.085838 0.017432 0.050389
1 0.406233 0.463102 0.023034 0.046722
1 0.438418 0.539676 0.017497 0.045065
1 0.395728 0.987516 0.022169 0.024255