1 0.793376 0.169000 0.016940 0.021639
1 0.776277 0.135618 0.014164 0.037773
0 0.475277 0.897060 0.048305 0.058620
1 0.480710 0.737005 0.015013 0.024176
1 0.790350 0.145231 0.015242 0.025926
1 0.779112 0.194079 0.025495 0.031102
1 0.137789 0.376155 0.014755 0.017245
1 0.221030 0.881278 0.023930 0.047111
1 0.142486 0.314801 0.015081 0.026231
1 0.159484 0.290188 0.015266 0.020866
0 0.155827 0.482708 0.015581 0.031056
1 0.065654 0.011565 0.011714 0.023130
1 0.142988 0.350787 0.014779 0.031667
1 0.392568 0.501234 0.015870 0.038866