0 0.655957 0.905079 0.081747 0.186435
1 0.259551 0.980558 0.015414 0.034255
1 0.280645 0.993542 0.019471 0.012620
0 0.447777 0.027477 0.042997 0.053519
1 0.500805 0.019852 0.012443 0.039176
0 0.447930 0.027697 0.043182 0.054032
1 0.423556 0.740875 0.017893 0.036519
0 0.824388 0.987521 0.042599 0.023755
0 0.990908 0.957748 0.018185 0.084505
0 0.767388 0.963171 0.056844 0.072093
0 0.129190 0.085968 0.080854 0.119870
0 0.707934 0.934234 0.079872 0.128292
0 0.497225 0.088227 0.070622 0.111991
0 0.189014 0.205981 0.072508 0.140380
0 0.635419 0.288986 0.082854 0.129333
0 0.569857 0.192995 0.075229 0.118222
0 0.270126 0.086926 0.072081 0.138139
0 0.216781 0.096340 0.071542 0.132921
0 0.792954 0.550567 0.101060 0.123634
0 0.217470 0.266340 0.078164 0.145329
0 0.710443 0.619100 0.092156 0.135903
0 0.155868 0.150586 0.076018 0.143394
0 0.444654 0.279910 0.087953 0.116986
0 0.355467 0.483368 0.084779 0.151644
0 0.313832 0.429650 0.078904 0.134755
0 0.812165 0.739736 0.102747 0.155343
0 0.717780 0.400181 0.087721 0.133130
0 0.519266 0.398898 0.093677 0.142852
0 0.612435 0.507604 0.093786 0.140764
0 0.450763 0.621340 0.079094 0.152542
0 0.609880 0.830306 0.072542 0.173981
0 0.256529 0.319560 0.082094 0.153398
0 0.400029 0.543833 0.078964 0.146315
0 0.910687 0.858176 0.106458 0.158509
0 0.492724 0.696824 0.074781 0.163565
0 0.553863 0.776579 0.107581 0.249361
0 0.104790 0.050484 0.040039 0.057144