0 0.338616 0.356266 0.079216 0.151690
0 0.062507 0.008764 0.021758 0.016546
0 0.650465 0.699734 0.072789 0.180032
0 0.483902 0.535174 0.067565 0.158005
0 0.493917 0.251616 0.094766 0.129676
1 0.431835 0.651053 0.018310 0.038338
1 0.272408 0.838447 0.012961 0.032606
1 0.293969 0.852356 0.014182 0.036083
0 0.439730 0.471713 0.072117 0.149269
0 0.865038 0.887650 0.075883 0.191134
0 0.688229 0.425146 0.089917 0.122069
0 0.232699 0.215301 0.076612 0.154676
0 0.294378 0.312375 0.074036 0.135694
0 0.701747 0.742694 0.072823 0.174944
0 0.807423 0.833498 0.072935 0.194060
0 0.602185 0.638632 0.064573 0.162625
0 0.386415 0.408368 0.072956 0.146023
0 0.790733 0.521262 0.100805 0.134412
0 0.924921 0.918683 0.069586 0.159921
0 0.891329 0.615160 0.106102 0.140856
0 0.753776 0.785655 0.067458 0.170218
0 0.415181 0.148806 0.087924 0.109713
0 0.545850 0.596697 0.095029 0.236282
0 0.589837 0.337317 0.092789 0.131560
0 0.124918 0.072102 0.071534 0.137954
0 0.684806 0.221005 0.087305 0.117648
0 0.191708 0.171139 0.072693 0.146463
0 0.763160 0.349949 0.097216 0.104676
0 0.159908 0.118190 0.067299 0.141065
0 0.600652 0.130042 0.082878 0.119750
0 0.532055 0.052544 0.075198 0.102995
0 0.975617 0.939086 0.048703 0.120227
0 0.187393 0.037509 0.063016 0.073194
0 0.983797 0.714653 0.032089 0.122148
0 0.091539 0.039766 0.066292 0.076671
0 0.230723 0.011139 0.036445 0.020602
0 0.336283 0.045424 0.046888 0.083579
0 0.472268 0.008606 0.022651 0.013759