1 0.627098 0.486690 0.011852 0.024861
1 0.786444 0.079486 0.008253 0.032750
1 0.981294 0.290025 0.018318 0.034116
1 0.680132 0.300375 0.010003 0.027880
1 0.687530 0.282713 0.009346 0.035676
1 0.813372 0.061998 0.017839 0.038968
1 0.792453 0.593558 0.014052 0.036968
1 0.383169 0.858310 0.014568 0.028778
1 0.996596 0.191690 0.006807 0.030046
1 0.140197 0.057824 0.011591 0.018241
1 0.777840 0.074875 0.008253 0.018954
1 0.571991 0.985505 0.013758 0.023019
0 0.837301 0.117616 0.016232 0.032176
1 0.837301 0.117616 0.016232 0.032176
1 0.792978 0.138831 0.016206 0.033162
1 0.784471 0.119317 0.015141 0.035338
1 0.651501 0.481720 0.008721 0.023875
1 0.567986 0.500963 0.010346 0.023870
1 0.593685 0.496012 0.008974 0.021338
1 0.614102 0.468956 0.010021 0.024644
1 0.215861 0.734808 0.013758 0.024458
1 0.994711 0.286037 0.010578 0.019111
1 0.546867 0.713405 0.006026 0.017273
1 0.573475 0.693171 0.011706 0.014389
1 0.659891 0.499144 0.014781 0.034213