0 0.552616 0.686162 0.096326 0.092417
0 0.285569 0.538789 0.071674 0.153440
0 0.085982 0.191711 0.072672 0.140653
0 0.493977 0.405894 0.063609 0.158306
0 0.102595 0.854525 0.085643 0.122431
0 0.208879 0.386736 0.101930 0.146056
0 0.081005 0.935822 0.077104 0.113227
0 0.191469 0.727701 0.140760 0.187097
0 0.355447 0.932609 0.067503 0.132181
0 0.148845 0.794998 0.083664 0.125319
0 0.516350 0.041016 0.046201 0.080894
0 0.569794 0.117590 0.048740 0.135801
0 0.596906 0.023380 0.035411 0.046759
0 0.027079 0.976789 0.054159 0.046421