1 0.214824 0.632125 0.015378 0.025898
1 0.556470 0.083912 0.009622 0.031463
1 0.447275 0.227583 0.009971 0.028019
1 0.197499 0.242280 0.010602 0.032468
1 0.192161 0.622051 0.013760 0.025898
1 0.187250 0.240363 0.009448 0.028764
1 0.385659 0.211581 0.007901 0.024894
1 0.648305 0.108220 0.007599 0.024116
0 0.386719 0.166157 0.025990 0.028796
0 0.262135 0.318472 0.025781 0.020000
1 0.621036 0.302338 0.008094 0.018704
1 0.366888 0.137405 0.012646 0.040310
1 0.434204 0.476090 0.014961 0.025440
1 0.442497 0.425785 0.010083 0.027755
1 0.088760 0.058741 0.016120 0.025694
1 0.357883 0.145155 0.012646 0.040310
1 0.672230 0.097687 0.008154 0.017921
1 0.438783 0.209995 0.005898 0.032231
1 0.627895 0.282238 0.011331 0.025903
1 0.712889 0.026907 0.009268 0.036185
1 0.857228 0.143782 0.006753 0.032806
1 0.718913 0.032556 0.010273 0.035259
1 0.098654 0.679347 0.014516 0.025380
1 0.380314 0.196870 0.010211 0.027630
1 0.454695 0.417687 0.007156 0.024282
1 0.432415 0.432433 0.012685 0.030644