0 0.691122 0.253667 0.087214 0.119426
0 0.164490 0.135000 0.067047 0.140907
0 0.769202 0.385861 0.099174 0.107593
0 0.538948 0.075634 0.075135 0.110769
0 0.071835 0.013688 0.027633 0.026884
0 0.929721 0.942771 0.063630 0.112301
0 0.476501 0.019287 0.043992 0.035241
0 0.703742 0.783069 0.074693 0.177389
0 0.234973 0.023072 0.051909 0.043347
0 0.985719 0.762181 0.028214 0.121556
0 0.980556 0.963412 0.038581 0.072120
0 0.102281 0.046370 0.078208 0.089796
0 0.189160 0.045850 0.071221 0.089394
1 0.291283 0.874556 0.019029 0.028046
1 0.270366 0.864537 0.014664 0.035056
1 0.430172 0.667593 0.018875 0.050583
0 0.896065 0.657900 0.106000 0.143597
0 0.795091 0.560384 0.101146 0.137935
0 0.389592 0.432965 0.073602 0.145347
0 0.341510 0.380150 0.081042 0.150801
0 0.652263 0.737278 0.074740 0.182611
0 0.441948 0.499347 0.073839 0.150389
0 0.498689 0.279134 0.094461 0.132500
0 0.297991 0.334627 0.074727 0.134764
0 0.808466 0.879961 0.075333 0.195838
0 0.130421 0.086928 0.072466 0.141236
0 0.692493 0.460035 0.090966 0.123866
0 0.420732 0.171130 0.088354 0.113778
0 0.486059 0.565021 0.068414 0.159134
0 0.866684 0.917708 0.077180 0.163944
0 0.196227 0.189269 0.073865 0.147657
0 0.755316 0.828116 0.068602 0.173009
0 0.547964 0.629655 0.098016 0.239514
0 0.604122 0.673243 0.065396 0.164995
0 0.594303 0.368134 0.093003 0.132750
0 0.236730 0.234704 0.077784 0.154380
0 0.607073 0.158299 0.082651 0.121560