1 0.215813 0.063269 0.014469 0.042444
1 0.047352 0.248789 0.023161 0.035755
1 0.470316 0.068917 0.020164 0.071148
1 0.033613 0.798505 0.033794 0.038769
1 0.300848 0.658190 0.022211 0.045361
1 0.609928 0.048329 0.013643 0.045796
1 0.245771 0.597581 0.018224 0.048384
1 0.036423 0.269127 0.015253 0.034394
1 0.167706 0.647081 0.031854 0.043106
1 0.356415 0.340961 0.016148 0.048236
1 0.260413 0.612687 0.016919 0.049162
1 0.088331 0.456005 0.034109 0.047157
1 0.196288 0.097440 0.018648 0.049435
1 0.032855 0.756391 0.032247 0.031847
1 0.590029 0.050030 0.018703 0.069106
1 0.218747 0.155174 0.022005 0.066532
1 0.032681 0.761319 0.031930 0.036250
1 0.541152 0.364287 0.022076 0.030333
1 0.547986 0.354641 0.018237 0.027301
1 0.203159 0.259259 0.023292 0.054139
1 0.714102 0.143465 0.018953 0.027514
1 0.724046 0.124479 0.019289 0.024051
1 0.031392 0.799931 0.028471 0.030870
1 0.547223 0.353523 0.018820 0.034991
1 0.297444 0.655995 0.025945 0.061889
1 0.036714 0.268509 0.017073 0.033176
1 0.046522 0.250222 0.022690 0.033176