1 0.435749 0.752634 0.019190 0.031806
1 0.415315 0.348065 0.018307 0.051417
1 0.430121 0.856007 0.017924 0.042468
1 0.403152 0.842368 0.024049 0.045394
1 0.443609 0.788486 0.018214 0.033537
1 0.447345 0.822505 0.021414 0.036620
1 0.393542 0.761600 0.019687 0.040477
1 0.400025 0.724500 0.014529 0.031407
1 0.417806 0.723241 0.016914 0.042787
1 0.450695 0.414074 0.021734 0.054722
1 0.865801 0.961509 0.021648 0.042667
1 0.839932 0.434440 0.021229 0.040565
1 0.401521 0.804491 0.018562 0.040537
1 0.823975 0.941400 0.020763 0.046782