1 0.750021 0.066222 0.018547 0.048500
1 0.300520 0.726586 0.021909 0.045782
1 0.545147 0.293634 0.013831 0.039130
1 0.217608 0.176678 0.021956 0.047968
1 0.324582 0.194525 0.021070 0.043347
1 0.313411 0.294236 0.016323 0.046287
1 0.251358 0.387146 0.022102 0.046764
1 0.587738 0.294433 0.017242 0.042579
1 0.372406 0.130775 0.022219 0.032755
1 0.179523 0.189694 0.011875 0.031722
1 0.312694 0.227444 0.018378 0.052176
1 0.731677 0.253738 0.018990 0.053273
1 0.303199 0.197637 0.016023 0.049338
1 0.719654 0.292528 0.018187 0.038269
1 0.226336 0.426676 0.018854 0.040472
1 0.247901 0.452127 0.022734 0.033097
1 0.272927 0.469771 0.021323 0.033894