1 0.833439 0.288345 0.016263 0.023329
1 0.114757 0.594484 0.040471 0.049384
1 0.394487 0.311998 0.021990 0.038060
1 0.146630 0.185500 0.025276 0.048935
1 0.175327 0.134813 0.020492 0.051745
1 0.394154 0.268275 0.017406 0.054486
1 0.801150 0.691389 0.021466 0.036019
1 0.762602 0.741759 0.030734 0.038333
1 0.786647 0.730069 0.029544 0.044120
1 0.099387 0.299843 0.021315 0.043463
1 0.150816 0.129079 0.027294 0.059676
1 0.222650 0.090979 0.029138 0.037782
1 0.221068 0.079956 0.035464 0.046181
1 0.621638 0.172956 0.017505 0.054542
1 0.157582 0.130178 0.019799 0.053801
1 0.167960 0.284053 0.027466 0.042477