0 0.498819 0.656132 0.031893 0.141764
1 0.403033 0.021463 0.011122 0.035037
0 0.757473 0.962137 0.042346 0.075727
0 0.988568 0.498319 0.022865 0.119046
0 0.955341 0.032917 0.063964 0.065833
0 0.184773 0.161713 0.013995 0.090463
0 0.824414 0.036019 0.035911 0.072037
0 0.289736 0.526275 0.053742 0.054495
0 0.812277 0.675444 0.035164 0.019056
0 0.675103 0.770178 0.037471 0.023236
0 0.656378 0.757514 0.013724 0.010843
0 0.598159 0.885185 0.144964 0.095843
0 0.397839 0.942965 0.035714 0.113190
0 0.397844 0.942944 0.035984 0.113750
0 0.614549 0.982067 0.071229 0.035282
0 0.501040 0.489537 0.030419 0.128630
0 0.428029 0.209565 0.028703 0.099074
0 0.505400 0.050241 0.030695 0.100120
0 0.784430 0.810282 0.053167 0.151472