0 0.344938 0.988333 0.031302 0.022417
0 0.659853 0.383792 0.069003 0.082963
0 0.914000 0.015766 0.038130 0.031532
0 0.698392 0.188333 0.129315 0.140222
0 0.871288 0.143551 0.057086 0.113333
0 0.578042 0.591331 0.046901 0.125486
0 0.694750 0.279720 0.059510 0.064514
0 0.636990 0.030132 0.035172 0.058708
0 0.686583 0.340153 0.066219 0.076565
0 0.264098 0.444347 0.011341 0.072370
0 0.349806 0.501340 0.074258 0.063699
0 0.801492 0.850773 0.085594 0.145213
0 0.649617 0.674454 0.075687 0.145630
0 0.907326 0.056338 0.035448 0.042417
0 0.630853 0.433926 0.108263 0.119972
0 0.521095 0.178505 0.040977 0.109769
0 0.492188 0.304125 0.043844 0.116046
0 0.405421 0.733113 0.054253 0.148245
0 0.817892 0.274792 0.061685 0.124454
1 0.419043 0.576005 0.013805 0.017287
0 0.775628 0.153576 0.031812 0.029782
0 0.768850 0.129650 0.027669 0.032125
0 0.436126 0.578979 0.048055 0.128773