0 0.880711 0.133220 0.058219 0.111894
0 0.637875 0.412910 0.107927 0.123144
0 0.409668 0.698792 0.053997 0.145769
0 0.826066 0.260352 0.061904 0.122704
0 0.694111 0.321231 0.066289 0.077787
0 0.782846 0.140762 0.032958 0.029116
0 0.357116 0.467769 0.074461 0.064102
0 0.652966 0.650130 0.076776 0.143296
1 0.425238 0.543657 0.013018 0.016731
0 0.916826 0.046947 0.038057 0.042847
0 0.702697 0.263757 0.058440 0.064171
0 0.779844 0.118007 0.029927 0.033801
0 0.801659 0.830176 0.084906 0.146287
0 0.667027 0.364602 0.068971 0.083519
0 0.646560 0.021954 0.030792 0.042111
0 0.273107 0.406917 0.011698 0.072139
0 0.924947 0.012963 0.031305 0.022889
0 0.530482 0.156271 0.041125 0.106171
0 0.441763 0.548884 0.046318 0.126546
0 0.341689 0.967028 0.041503 0.065315
0 0.582411 0.566565 0.047578 0.122991
0 0.501026 0.278836 0.044802 0.114542
0 0.707914 0.173282 0.130536 0.140630