0 0.145813 0.289463 0.139313 0.082832
0 0.152336 0.605859 0.136703 0.086250
0 0.560133 0.322246 0.144953 0.090508
0 0.177500 0.806045 0.121562 0.095645
0 0.543672 0.746641 0.151500 0.087461
0 0.539227 0.845645 0.147422 0.086289
0 0.198641 0.899707 0.112906 0.079336
0 0.154172 0.697471 0.132344 0.082051
0 0.140547 0.496758 0.126281 0.082500
0 0.558742 0.530977 0.146078 0.088945
0 0.717930 0.059238 0.157734 0.087813
0 0.142344 0.398906 0.133250 0.078008
0 0.523820 0.935820 0.152172 0.092656
0 0.895023 0.073994 0.142484 0.086191