0 0.585355 0.185144 0.052430 0.139269
0 0.555876 0.769889 0.099669 0.104796
0 0.144266 0.850231 0.084193 0.132759
0 0.144307 0.850380 0.084401 0.133074
0 0.501794 0.475998 0.065891 0.161986
0 0.097358 0.905829 0.085492 0.122630
0 0.188077 0.785850 0.139940 0.193301
0 0.092098 0.232433 0.068602 0.143190
0 0.287014 0.596623 0.071419 0.153606
0 0.359740 0.970583 0.053490 0.057389
0 0.074237 0.964185 0.076224 0.071630
0 0.623638 0.058611 0.052776 0.117222
0 0.547223 0.044861 0.051336 0.089722
0 0.213811 0.444627 0.103784 0.152319