0 0.542081 0.182299 0.062406 0.103116
1 0.590258 0.058153 0.013953 0.027306
0 0.832095 0.099019 0.047487 0.093676
0 0.366844 0.451618 0.066510 0.111884
0 0.428185 0.355734 0.063078 0.116014
0 0.760275 0.277345 0.084669 0.093681
0 0.714068 0.198104 0.059589 0.093051
0 0.978792 0.090600 0.042224 0.076847
0 0.977092 0.014549 0.027909 0.023690
0 0.599400 0.092069 0.059164 0.100056
0 0.864303 0.083947 0.058820 0.084588
0 0.847577 0.475644 0.050622 0.097306
0 0.294717 0.609456 0.054289 0.125644
0 0.156253 0.982720 0.041922 0.034106
0 0.798794 0.113516 0.095411 0.142449
0 0.878556 0.042910 0.044409 0.062319
3 0.525253 0.822370 0.079031 0.147787
0 0.923490 0.033838 0.079818 0.066056