1 0.736152 0.143840 0.023487 0.052708
1 0.253609 0.015067 0.011818 0.029144
1 0.288393 0.238870 0.016656 0.043861
1 0.214245 0.014421 0.013438 0.028843
1 0.282411 0.193366 0.020125 0.037324
1 0.307585 0.538076 0.018492 0.042097
1 0.350721 0.024275 0.016391 0.046949
1 0.605513 0.110405 0.012911 0.050477
1 0.557217 0.103162 0.015711 0.063556
1 0.341023 0.095303 0.016078 0.065292
1 0.241951 0.244926 0.017708 0.040676
1 0.305771 0.266664 0.020458 0.049755
1 0.329434 0.028343 0.016508 0.056685
1 0.764790 0.931162 0.026029 0.050250
1 0.754272 0.113910 0.015711 0.063551