0 0.975109 0.093785 0.049578 0.086644
3 0.524327 0.851090 0.079544 0.150190
0 0.421652 0.382500 0.062497 0.117231
0 0.856788 0.094873 0.059872 0.086690
0 0.590493 0.109391 0.058753 0.100894
0 0.706923 0.213468 0.058779 0.094111
0 0.754430 0.292697 0.084786 0.096375
0 0.534396 0.203405 0.062349 0.104310
0 0.968465 0.020741 0.025424 0.022685
0 0.360682 0.481030 0.067130 0.117245
0 0.543944 0.016956 0.046659 0.032597
0 0.912301 0.037002 0.088310 0.072977
0 0.791521 0.125771 0.098552 0.141764
0 0.823142 0.111146 0.050586 0.099921
1 0.580134 0.074900 0.015372 0.025106
0 0.288646 0.643870 0.054385 0.128463
0 0.870035 0.050317 0.044846 0.063236
0 0.843113 0.493153 0.050523 0.101380