0 0.932513 0.644308 0.062661 0.078042
0 0.010911 0.968056 0.021823 0.063889
0 0.317980 0.528486 0.037758 0.115574
0 0.318112 0.528525 0.037833 0.115801
0 0.515035 0.976079 0.069549 0.046269
0 0.359389 0.249069 0.063945 0.092537
0 0.154615 0.636574 0.068094 0.064361
0 0.143452 0.703806 0.069940 0.068176
0 0.293617 0.961213 0.038193 0.075870
0 0.152641 0.768743 0.063339 0.071903
0 0.162070 0.558333 0.113125 0.086824
0 0.018223 0.817502 0.036445 0.150042
0 0.234938 0.230900 0.052234 0.096162
0 0.251186 0.153361 0.040977 0.114750
0 0.341285 0.671000 0.042076 0.126269
0 0.074706 0.361144 0.045635 0.129574
0 0.164850 0.395012 0.037185 0.112681
0 0.170837 0.850630 0.143951 0.130704