1 0.327517 0.121442 0.017674 0.055681
1 0.272132 0.324502 0.014633 0.037144
1 0.340247 0.091576 0.017417 0.048644
1 0.199008 0.086410 0.013563 0.035486
1 0.234074 0.315873 0.017263 0.042236
1 0.236766 0.068787 0.020000 0.050333
1 0.728841 0.207431 0.017885 0.044667
1 0.330605 0.181419 0.016977 0.055699
1 0.302975 0.605921 0.016018 0.048417
1 0.600309 0.181539 0.014440 0.041671
1 0.552719 0.179243 0.016464 0.056718
1 0.294155 0.349512 0.022029 0.044847
1 0.746439 0.168981 0.017695 0.052796
1 0.318742 0.090292 0.015557 0.047769
1 0.270465 0.270593 0.021945 0.042880