1 0.475470 0.632505 0.014732 0.024676
1 0.377853 0.417442 0.016898 0.042421
1 0.224715 0.805572 0.020789 0.046273
1 0.055143 0.990697 0.029938 0.018606
1 0.744055 0.066079 0.019594 0.017667
1 0.748771 0.024861 0.014891 0.025769
1 0.736397 0.015551 0.014732 0.031102
1 0.409664 0.357032 0.012464 0.029713
0 0.476993 0.780727 0.045549 0.058019
1 0.119863 0.262780 0.015409 0.035847
1 0.122749 0.304947 0.015846 0.029875
1 0.137105 0.241801 0.013388 0.021611
1 0.120030 0.328674 0.015299 0.016514
1 0.062650 0.583523 0.017867 0.017806