1 0.573826 0.769292 0.011708 0.024287
1 0.418293 0.626787 0.009424 0.029731
1 0.218716 0.883560 0.013505 0.023417
1 0.972482 0.188694 0.017068 0.036185
1 0.984319 0.183977 0.010721 0.024639
1 0.991611 0.104097 0.010529 0.029398
1 0.316943 0.884875 0.017266 0.020972
1 0.308406 0.859005 0.017635 0.024657
1 0.637559 0.300507 0.010690 0.030560
1 0.652496 0.370030 0.014107 0.030125
1 0.621234 0.316583 0.008208 0.025898
1 0.579914 0.518748 0.011234 0.014903
1 0.644395 0.356926 0.010523 0.025963
1 0.556035 0.536704 0.006185 0.019648
1 0.598480 0.321606 0.010607 0.027343
1 0.785990 0.444676 0.012365 0.032972
1 0.835126 0.030426 0.016997 0.030722
0 0.272906 0.793940 0.031844 0.042602
1 0.690072 0.170174 0.009711 0.028912
1 0.243332 0.769278 0.016930 0.033111
1 0.806487 0.015694 0.015734 0.031389
1 0.571094 0.794273 0.012490 0.021509
1 0.697311 0.153780 0.009133 0.032069
1 0.797465 0.008431 0.011529 0.016861
1 0.646789 0.315266 0.010245 0.023079
1 0.233815 0.784831 0.020187 0.036681
1 0.228224 0.903745 0.014536 0.020630