1 0.144102 0.679917 0.021401 0.048833
1 0.548685 0.175734 0.033203 0.039273
1 0.510444 0.588417 0.024674 0.046472
1 0.454353 0.543519 0.015148 0.042130
1 0.422776 0.329981 0.013109 0.036148
1 0.168029 0.765250 0.029521 0.044269
1 0.705578 0.229995 0.021896 0.045259
1 0.148811 0.899167 0.027789 0.042870
1 0.719747 0.260076 0.023370 0.065042
1 0.732589 0.202299 0.021776 0.040968
0 0.698454 0.380979 0.028424 0.048125
1 0.170906 0.646086 0.029453 0.039042
1 0.579353 0.645317 0.022253 0.047218
1 0.892409 0.129312 0.030651 0.054736
1 0.602806 0.631597 0.011003 0.024769
1 0.718931 0.748095 0.020201 0.040440
1 0.730876 0.736444 0.024904 0.052481
1 0.456999 0.559764 0.010273 0.034176
1 0.566773 0.156787 0.022010 0.036426
1 0.589339 0.126810 0.017302 0.035741
1 0.602815 0.101012 0.019849 0.037773
1 0.885725 0.104417 0.028482 0.054037
1 0.182922 0.258150 0.027958 0.034532