1 0.034406 0.198995 0.034026 0.035667
0 0.930816 0.226301 0.088805 0.095713
1 0.561520 0.146572 0.014023 0.040440
1 0.054204 0.666412 0.026315 0.033778
0 0.978258 0.123470 0.043443 0.152838
0 0.907937 0.154780 0.088271 0.088144
1 0.012557 0.739225 0.018198 0.034005
0 0.494923 0.388234 0.019711 0.057579
1 0.049453 0.161829 0.025365 0.048194
1 0.202941 0.020650 0.018638 0.041301
0 0.990057 0.035338 0.019839 0.070157
0 0.864098 0.028308 0.115352 0.056616
0 0.994435 0.547190 0.011130 0.128065
0 0.979997 0.355558 0.039401 0.105801
0 0.954275 0.302095 0.079315 0.093134
0 0.892155 0.076650 0.081232 0.094819
1 0.078294 0.693000 0.019797 0.026741
0 0.978203 0.463058 0.043427 0.107255