0 0.421185 0.245280 0.065792 0.097662
0 0.486018 0.170472 0.065297 0.104398
0 0.608710 0.041602 0.064029 0.083185
0 0.812034 0.169632 0.084141 0.079477
1 0.737133 0.932824 0.021750 0.020093
0 0.877557 0.349509 0.039625 0.054796
0 0.861724 0.046843 0.080635 0.091963
0 0.897299 0.035794 0.036141 0.071477
0 0.923275 0.028567 0.049242 0.056218
3 0.542564 0.618465 0.074638 0.131042
0 0.772980 0.094736 0.060315 0.080370
0 0.341456 0.370213 0.058349 0.111000
0 0.957197 0.020468 0.028685 0.040935
0 0.654056 0.006995 0.022393 0.012741
0 0.985763 0.014144 0.028349 0.028287
0 0.175099 0.712590 0.064677 0.126301
1 0.741701 0.973486 0.021083 0.020759
1 0.743069 0.950907 0.015544 0.020861