0 0.367543 0.253613 0.068654 0.093884
0 0.228781 0.198479 0.051573 0.102051
0 0.316181 0.545137 0.037669 0.118421
0 0.151053 0.565833 0.119789 0.086944
0 0.257533 0.143863 0.040669 0.121894
0 0.335902 0.701602 0.041680 0.131361
0 0.159673 0.391616 0.037565 0.119287
0 0.065214 0.350664 0.050224 0.135264
0 0.007611 0.831525 0.015102 0.162569
0 0.966645 0.718248 0.066492 0.093366
0 0.275551 0.982757 0.035643 0.033718
0 0.135605 0.786572 0.066956 0.071773
0 0.128118 0.717088 0.072945 0.067426
0 0.152134 0.877521 0.154221 0.130042
0 0.141776 0.646727 0.070505 0.063824