1 0.866564 0.649889 0.025206 0.032630
1 0.829193 0.624759 0.023125 0.034056
1 0.526470 0.801859 0.012372 0.034986
1 0.512418 0.796148 0.016919 0.044981
1 0.829496 0.582956 0.017836 0.036792
1 0.504677 0.278792 0.013771 0.024065
1 0.542262 0.796449 0.015268 0.032287
1 0.538163 0.727162 0.017945 0.031509
1 0.513018 0.723963 0.023901 0.051519
1 0.474870 0.247755 0.013229 0.030046
1 0.504333 0.338806 0.017260 0.025630
1 0.486742 0.357116 0.015286 0.038741
1 0.490681 0.247336 0.016919 0.036060
1 0.912493 0.171678 0.020221 0.032292
1 0.503398 0.305363 0.016276 0.028042
1 0.464382 0.268863 0.016263 0.027181
1 0.470990 0.302301 0.023854 0.037009
1 0.463763 0.335384 0.017630 0.031546
1 0.867673 0.616354 0.019758 0.031042
1 0.842813 0.662681 0.018438 0.025843