0 0.672961 0.009218 0.029318 0.016444
0 0.968632 0.038687 0.030945 0.069069
0 0.926096 0.321063 0.034802 0.027755
1 0.738388 0.851153 0.022021 0.018352
2 0.169539 0.986840 0.062906 0.025847
0 0.222242 0.494813 0.066089 0.111394
0 0.488984 0.124537 0.065453 0.085833
0 0.557762 0.071125 0.066852 0.089148
0 0.877199 0.145836 0.082549 0.062440
0 0.844848 0.071970 0.060242 0.067449
0 0.403992 0.221845 0.058031 0.095384
3 0.574652 0.509847 0.072398 0.124120
0 0.987095 0.043278 0.025716 0.064352
0 0.940921 0.045181 0.086081 0.089898
1 0.739857 0.888525 0.021083 0.020755
1 0.743087 0.869495 0.015544 0.020861