1 0.604624 0.299558 0.011930 0.037792
1 0.273590 0.968671 0.027862 0.062657
1 0.316207 0.653366 0.025023 0.047417
1 0.192206 0.311991 0.019703 0.047028
1 0.171467 0.346933 0.020727 0.043986
0 0.645132 0.140433 0.020956 0.057884
1 0.581977 0.308917 0.019682 0.061185
1 0.479642 0.195287 0.015352 0.050630
1 0.193900 0.418993 0.019232 0.056653
1 0.483240 0.292368 0.015677 0.052144
1 0.540156 0.631620 0.019844 0.041111
1 0.178437 0.535734 0.026828 0.043625
1 0.038297 0.779708 0.038719 0.042333
1 0.483598 0.215424 0.012716 0.053162
1 0.724663 0.388391 0.022263 0.042903
1 0.435215 0.033479 0.019695 0.031486
1 0.241589 0.894799 0.030625 0.061421
1 0.156177 0.934308 0.029083 0.041218
1 0.530526 0.647593 0.019729 0.044907
1 0.713148 0.399412 0.019745 0.032843
1 0.004952 0.548910 0.009904 0.026801
1 0.014728 0.526493 0.021430 0.035579