0 0.164737 0.202815 0.045240 0.113120
0 0.988529 0.129167 0.022943 0.049352
1 0.596016 0.149350 0.014167 0.035282
0 0.580366 0.270493 0.040258 0.131486
0 0.863479 0.150606 0.018927 0.037120
0 0.130792 0.963972 0.059370 0.072056
0 0.229799 0.517528 0.052521 0.160639
0 0.624940 0.219706 0.037292 0.144319
0 0.139539 0.078824 0.042474 0.125194
1 0.428945 0.149935 0.012109 0.037167
0 0.119706 0.008824 0.027229 0.016028
0 0.903647 0.133762 0.037242 0.111245
0 0.667318 0.185396 0.037490 0.126005
0 0.202674 0.357130 0.057021 0.150880