0 0.725385 0.280076 0.077682 0.136597
0 0.952382 0.292968 0.091456 0.147296
1 0.019439 0.481757 0.018169 0.023255
0 0.006490 0.857706 0.012979 0.038301
1 0.384202 0.266694 0.014107 0.029296
1 0.028725 0.693560 0.020831 0.023343
1 0.398198 0.281736 0.014083 0.040787
0 0.722876 0.017262 0.049133 0.031384
1 0.010656 0.458352 0.017896 0.027148
0 0.424434 0.929093 0.014471 0.083009
0 0.503488 0.011174 0.033383 0.019523
0 0.814177 0.197745 0.088969 0.139935
0 0.863203 0.046685 0.088948 0.090667
0 0.559887 0.044588 0.074393 0.086796
0 0.983040 0.615414 0.033919 0.170532
1 0.475207 0.435148 0.013529 0.037222
0 0.767134 0.330028 0.077669 0.140954
1 0.046777 0.704171 0.024607 0.031769
1 0.028208 0.467757 0.023401 0.022208
1 0.026548 0.722030 0.026487 0.028051
0 0.788345 0.066326 0.079029 0.121560
0 0.871749 0.180419 0.085701 0.137245
0 0.642767 0.163076 0.103867 0.192421
0 0.853322 0.435468 0.078435 0.152694
0 0.688917 0.215609 0.070422 0.135968
0 0.952210 0.561086 0.073893 0.147181
0 0.593366 0.093782 0.071883 0.135148
0 0.900783 0.500644 0.081039 0.150833
0 0.809404 0.382877 0.070927 0.135514