0 0.904421 0.564826 0.084784 0.171986
0 0.636191 0.989873 0.026362 0.020255
0 0.539742 0.383606 0.074682 0.128657
0 0.549759 0.753410 0.087659 0.179921
0 0.944059 0.516942 0.088742 0.163940
0 0.581307 0.330243 0.074484 0.137144
0 0.865139 0.615826 0.077727 0.177792
0 0.834891 0.121627 0.080328 0.072856
1 0.503977 0.286306 0.011906 0.032352
0 0.949323 0.175458 0.099844 0.104009
0 0.541221 0.520516 0.083437 0.119782
0 0.431310 0.496039 0.072635 0.148171
0 0.581337 0.330236 0.074706 0.136806
0 0.657781 0.267241 0.079135 0.140685