0 0.819682 0.086944 0.097005 0.143519
0 0.946776 0.026111 0.063828 0.051352
0 0.561948 0.134123 0.062865 0.099282
0 0.151677 0.930611 0.064135 0.136750
1 0.610755 0.016134 0.012552 0.026713
0 0.852197 0.075542 0.048008 0.092287
0 0.444663 0.295521 0.063727 0.110894
0 0.987290 0.083803 0.025419 0.058625
0 0.382246 0.383451 0.066174 0.107440
0 0.899993 0.036801 0.045117 0.073157
0 0.775813 0.240729 0.084865 0.089856
0 0.732184 0.163338 0.059617 0.088880
0 0.620663 0.050215 0.059180 0.095005
0 0.884214 0.063213 0.057245 0.083185
0 0.855454 0.434991 0.046076 0.087204
3 0.528977 0.755734 0.078073 0.142403
0 0.306978 0.531979 0.057940 0.126542