0 0.670572 0.354669 0.067612 0.084653
0 0.924363 0.049058 0.031133 0.031005
0 0.360766 0.451403 0.072104 0.064463
0 0.932797 0.010252 0.031547 0.018532
0 0.641236 0.402769 0.107174 0.122519
0 0.653085 0.018042 0.032664 0.033463
0 0.703439 0.252345 0.050612 0.057903
0 0.536439 0.146208 0.041831 0.104991
0 0.444850 0.533687 0.048185 0.125931
0 0.697966 0.313109 0.065401 0.079579
0 0.340561 0.956981 0.045565 0.084759
0 0.584918 0.554398 0.047883 0.121898
0 0.713484 0.165609 0.129240 0.142134
0 0.412290 0.681792 0.054612 0.143759
0 0.505290 0.267169 0.044674 0.113412
0 0.885276 0.127192 0.058542 0.109819
0 0.802283 0.819775 0.084003 0.145653
1 0.427747 0.528181 0.013333 0.017009
0 0.789706 0.136174 0.030917 0.025958
0 0.784451 0.110380 0.027937 0.027352
0 0.654686 0.638373 0.076378 0.142597
0 0.830073 0.253310 0.062427 0.121537
0 0.276753 0.386535 0.012198 0.071116