0 0.806001 0.297009 0.060305 0.127139
0 0.857023 0.161183 0.056297 0.115486
0 0.250211 0.498769 0.010615 0.068306
0 0.909764 0.003775 0.020565 0.007551
0 0.898548 0.025384 0.038289 0.036278
0 0.890776 0.068329 0.039057 0.041296
0 0.428470 0.626456 0.046560 0.130838
0 0.675025 0.366377 0.067070 0.075116
0 0.649788 0.412333 0.069872 0.080130
0 0.761887 0.171648 0.032185 0.026435
0 0.753793 0.149227 0.026539 0.035139
1 0.412141 0.625639 0.011922 0.021750
0 0.338638 0.550655 0.073729 0.059264
0 0.400253 0.786477 0.052688 0.154454
0 0.680366 0.305678 0.055763 0.062366
0 0.620471 0.042509 0.035745 0.082824
0 0.684324 0.212257 0.129596 0.134421
0 0.621336 0.465664 0.108745 0.118542
0 0.571819 0.628424 0.045878 0.127764
0 0.479616 0.342567 0.042331 0.115588
0 0.505977 0.212625 0.038469 0.110741
0 0.645616 0.712843 0.073966 0.150704
0 0.801001 0.882278 0.087143 0.142944