1 0.094747 0.914681 0.023448 0.034954
1 0.130087 0.877711 0.026701 0.036245
1 0.703473 0.888188 0.020174 0.032940
1 0.643009 0.594060 0.017216 0.031620
1 0.250604 0.878711 0.022375 0.025144
1 0.273663 0.566889 0.013659 0.037741
1 0.224001 0.870866 0.025039 0.024806
1 0.701999 0.574356 0.016784 0.032074
1 0.261206 0.579894 0.013906 0.034519
1 0.243538 0.916637 0.023216 0.036968
1 0.705379 0.770435 0.010320 0.029444
1 0.260621 0.580058 0.013945 0.034162
1 0.693178 0.774463 0.018091 0.028528
1 0.288992 0.557646 0.016187 0.041968