1 0.400560 0.265262 0.014036 0.036792
0 0.553194 0.354368 0.044440 0.132931
0 0.872104 0.169748 0.037495 0.115181
0 0.553215 0.354380 0.044310 0.132972
0 0.119090 0.346843 0.038190 0.096750
0 0.204646 0.664720 0.056266 0.171079
0 0.964691 0.158611 0.036122 0.091944
0 0.824340 0.206525 0.029404 0.059190
0 0.170997 0.501620 0.059943 0.151611
0 0.397014 0.303917 0.019549 0.040407
0 0.636251 0.258285 0.039669 0.124810
0 0.595824 0.297431 0.039773 0.147880
0 0.092423 0.213512 0.046768 0.131569
1 0.570831 0.224940 0.015932 0.041046
0 0.065180 0.100451 0.043234 0.103838