1 0.692926 0.231859 0.016997 0.031097
1 0.630883 0.326509 0.010255 0.014667
1 0.729068 0.152634 0.010375 0.020009
1 0.689546 0.142352 0.016591 0.027148
1 0.707790 0.150523 0.012284 0.029222
1 0.608107 0.344259 0.007151 0.017963
0 0.206986 0.668581 0.028424 0.025495
1 0.300017 0.444220 0.014930 0.039181
1 0.776109 0.042194 0.009714 0.028778
1 0.688125 0.218148 0.010651 0.026407
1 0.727655 0.131956 0.010378 0.023421
1 0.827582 0.327271 0.010117 0.027977
1 0.375404 0.512843 0.007479 0.022463
1 0.490943 0.351926 0.009479 0.028574
1 0.401646 0.748384 0.015286 0.027176
1 0.412704 0.740000 0.011383 0.025444
1 0.423763 0.726701 0.010734 0.028912
1 0.405548 0.800426 0.015289 0.031806
1 0.598220 0.535799 0.014440 0.022208
1 0.593732 0.560433 0.013271 0.020125
1 0.314031 0.527292 0.014073 0.022639
0 0.333426 0.464287 0.027367 0.028296
1 0.768247 0.054426 0.010870 0.035972
1 0.307427 0.507558 0.014625 0.021644
1 0.899535 0.005991 0.005664 0.011981
1 0.311608 0.436025 0.011435 0.037236
1 0.385366 0.534340 0.012294 0.021912
1 0.118914 0.600757 0.020234 0.037412
1 0.132674 0.595720 0.018615 0.038847