0 0.698599 0.292007 0.066062 0.086838
0 0.737072 0.198646 0.053419 0.061745
0 0.822410 0.072734 0.029820 0.030699
0 0.957842 0.023988 0.035466 0.039069
0 0.574135 0.073100 0.045193 0.103162
0 0.667940 0.336009 0.105792 0.130602
0 0.468294 0.433167 0.050339 0.119444
0 0.748997 0.115766 0.127802 0.150606
0 0.305020 0.966986 0.046888 0.065056
0 0.727440 0.257572 0.063927 0.082023
0 0.539129 0.185787 0.047862 0.110694
0 0.919346 0.095197 0.059995 0.103014
0 0.604258 0.474007 0.050604 0.115106
0 0.430038 0.568558 0.056706 0.132032
0 0.344004 0.852301 0.056758 0.155398
0 0.859984 0.208444 0.064875 0.114361
0 0.806523 0.750641 0.080073 0.146523
0 0.668862 0.556806 0.079797 0.132093
0 0.826882 0.104803 0.030289 0.029588
1 0.451120 0.421097 0.013333 0.017565
0 0.312426 0.273678 0.013982 0.069477
0 0.388768 0.342167 0.070635 0.068454