0 0.377936 0.096655 0.016190 0.060903
0 0.449557 0.180148 0.069078 0.080648
0 0.315694 0.761181 0.065570 0.137046
0 0.370501 0.629134 0.060919 0.136019
0 0.913607 0.148660 0.067594 0.101838
0 0.701393 0.432998 0.083141 0.116199
0 0.469671 0.396363 0.059221 0.117069
0 0.818664 0.638463 0.068312 0.143972
0 0.644583 0.351171 0.055214 0.107463
0 0.603090 0.066655 0.052596 0.103440
0 0.781141 0.176676 0.062109 0.085148
0 0.516202 0.279241 0.054456 0.114167
0 0.974229 0.058917 0.051542 0.090602
0 0.720319 0.234491 0.105237 0.140806
0 0.812854 0.064245 0.124620 0.128306
0 0.794022 0.128623 0.051997 0.067653
0 0.262319 0.949262 0.037737 0.100097
0 0.636658 0.010141 0.028930 0.017921
0 0.885582 0.028634 0.031227 0.029389
0 0.751510 0.200551 0.059849 0.088778
0 0.888448 0.056310 0.026969 0.030194
1 0.501158 0.260197 0.013648 0.022588