1 0.542590 0.826037 0.015612 0.033306
1 0.526124 0.827060 0.012648 0.035231
1 0.511797 0.748847 0.024375 0.052769
1 0.512543 0.821951 0.017065 0.040940
1 0.537533 0.751014 0.018424 0.035194
1 0.501176 0.329556 0.015992 0.031806
1 0.482880 0.377991 0.016589 0.042213
1 0.485919 0.268361 0.015401 0.036056
1 0.458751 0.290958 0.017086 0.033731
1 0.462956 0.323905 0.018214 0.035384
1 0.826648 0.644301 0.022203 0.047926
1 0.498600 0.299197 0.017346 0.026023
1 0.866318 0.628116 0.030052 0.043204
1 0.500560 0.361597 0.018615 0.030435
1 0.865280 0.671567 0.028966 0.048699
1 0.828967 0.593532 0.026685 0.056898
1 0.469273 0.267104 0.014635 0.031801
1 0.907849 0.181764 0.025443 0.033704
1 0.458973 0.358178 0.018867 0.030069
1 0.841505 0.678836 0.018438 0.026310