0 0.457566 0.474826 0.048888 0.121144
0 0.733839 0.136329 0.129604 0.147426
0 0.524000 0.220072 0.046156 0.110894
0 0.595176 0.507933 0.049893 0.118949
0 0.339997 0.912887 0.055495 0.157532
0 0.376204 0.387725 0.070831 0.069329
0 0.686161 0.317924 0.066333 0.086745
0 0.952865 0.004125 0.018521 0.008250
0 0.943174 0.032773 0.033740 0.042139
0 0.422022 0.615384 0.055461 0.136944
0 0.904719 0.108336 0.059094 0.106764
0 0.847056 0.226199 0.063893 0.115806
0 0.804704 0.779433 0.080805 0.147514
1 0.440611 0.466831 0.013648 0.020356
0 0.810254 0.114144 0.028721 0.026519
0 0.804764 0.088488 0.029034 0.029310
0 0.724333 0.224363 0.057010 0.066190
0 0.714311 0.280495 0.064779 0.079944
0 0.296509 0.324016 0.012846 0.064236
0 0.656438 0.363757 0.107047 0.127931
0 0.662073 0.590366 0.078708 0.135657
0 0.557659 0.104525 0.045318 0.102477