1 0.015104 0.113669 0.030208 0.042866
1 0.087323 0.415049 0.028510 0.041588
1 0.558676 0.033387 0.020878 0.029440
1 0.397357 0.016366 0.020292 0.032139
1 0.261995 0.294532 0.026125 0.041472
1 0.249441 0.267715 0.015065 0.036866
1 0.322345 0.312171 0.017445 0.043139
1 0.014076 0.142352 0.028151 0.041833
1 0.171546 0.331889 0.024378 0.044343
1 0.015977 0.528028 0.031953 0.053481
1 0.379195 0.978556 0.028573 0.042889
1 0.141389 0.105433 0.036388 0.062412
1 0.089471 0.369898 0.031844 0.040769
1 0.549917 0.048512 0.025917 0.027347