1 0.543680 0.771176 0.011391 0.028102
1 0.598042 0.723456 0.013937 0.028560
1 0.687263 0.681509 0.018057 0.029759
1 0.541691 0.986028 0.011357 0.023315
1 0.817629 0.830771 0.018456 0.034532
1 0.825189 0.276037 0.018268 0.045417
1 0.622488 0.747181 0.013451 0.024269
1 0.796732 0.246491 0.005339 0.018222
1 0.692171 0.489201 0.010695 0.027708
1 0.576025 0.954968 0.013513 0.027204
1 0.700822 0.468213 0.009242 0.028667
1 0.673312 0.663875 0.012448 0.022370
1 0.096411 0.223681 0.013688 0.024583
1 0.846480 0.150528 0.013977 0.031972
1 0.572284 0.757359 0.011031 0.027125
1 0.803727 0.253389 0.008172 0.034426
1 0.793686 0.321111 0.016607 0.036130
1 0.802163 0.336275 0.017284 0.029847
1 0.875197 0.263979 0.017268 0.032866