1 0.871134 0.536595 0.023956 0.040403
1 0.876331 0.501373 0.021474 0.037440
1 0.506715 0.628667 0.017430 0.055889
1 0.546335 0.567824 0.019008 0.033852
1 0.493379 0.163743 0.018039 0.039042
1 0.492361 0.130991 0.018508 0.028750
1 0.518086 0.110900 0.017568 0.038764
1 0.529535 0.138382 0.016628 0.027912
1 0.527732 0.166252 0.014589 0.032347
1 0.834780 0.504343 0.026195 0.035417
1 0.836664 0.459725 0.024312 0.046014
1 0.500072 0.101523 0.018060 0.041546
1 0.547556 0.630549 0.016831 0.032671
1 0.532611 0.633509 0.014221 0.033093
1 0.522762 0.568231 0.022456 0.043713
1 0.491879 0.160373 0.017346 0.029875
1 0.834974 0.464861 0.020313 0.041019
1 0.509924 0.210187 0.014969 0.029440
1 0.872573 0.501280 0.018969 0.031819
1 0.503171 0.106704 0.011862 0.031185
1 0.832322 0.509553 0.020841 0.037190
1 0.845898 0.544361 0.017620 0.026019