0 0.280290 0.732620 0.063747 0.099769
0 0.106751 0.880984 0.063237 0.108181
0 0.148038 0.968241 0.049602 0.062472
0 0.116214 0.945799 0.061802 0.103616
0 0.721270 0.210877 0.038081 0.090412
0 0.095520 0.487493 0.060122 0.068708
0 0.322555 0.983694 0.039552 0.031722
0 0.511564 0.809713 0.056039 0.104519
0 0.045798 0.394880 0.061503 0.093917
0 0.218792 0.639660 0.059630 0.093236
0 0.087207 0.810160 0.102919 0.154319
0 0.172790 0.376954 0.050945 0.114611
0 0.041263 0.675044 0.057948 0.097227
0 0.205349 0.962039 0.075865 0.074449