1 0.507754 0.855169 0.018477 0.041819
0 0.920378 0.159519 0.159245 0.319037
1 0.490866 0.825208 0.018685 0.034306
0 0.893216 0.275278 0.213568 0.479444
0 0.871185 0.411597 0.257630 0.483935
0 0.799857 0.536458 0.270130 0.490602
0 0.659779 0.755741 0.254349 0.475093
0 0.975345 0.044678 0.049310 0.089356
1 0.474857 0.732646 0.011677 0.024366
0 0.228255 0.039838 0.094167 0.079676
1 0.456492 0.753241 0.012589 0.039074
1 0.180047 0.061961 0.029755 0.033292
0 0.582513 0.795787 0.251901 0.408426
0 0.320674 0.138891 0.089641 0.159282