0 0.557154 0.055880 0.047234 0.111759
0 0.153612 0.719086 0.084443 0.117986
0 0.088491 0.860910 0.077341 0.109495
0 0.083228 0.134153 0.067815 0.131972
0 0.109398 0.778109 0.085474 0.116282
0 0.360143 0.858924 0.071068 0.171597
0 0.284677 0.463671 0.068406 0.146481
0 0.486560 0.324662 0.059016 0.158269
0 0.195246 0.647819 0.140029 0.173620
0 0.489467 0.036921 0.043867 0.073843
0 0.205841 0.315942 0.095766 0.144255
0 0.065154 0.942266 0.130245 0.113523
0 0.321553 0.986435 0.042227 0.026935
0 0.548510 0.595093 0.096302 0.091667