0 0.177923 0.697356 0.064888 0.124880
1 0.736465 0.925134 0.021622 0.019778
0 0.878827 0.345160 0.038539 0.052412
3 0.543630 0.610014 0.074896 0.130000
0 0.345538 0.358968 0.058617 0.111213
0 0.612542 0.037801 0.064318 0.075602
0 0.776298 0.090981 0.059888 0.080037
0 0.815120 0.164944 0.084318 0.077917
0 0.489790 0.162944 0.065492 0.101731
0 0.424182 0.235940 0.065443 0.097944
0 0.960089 0.019215 0.025073 0.038431
0 0.988290 0.014083 0.023419 0.028167
0 0.929712 0.030375 0.050820 0.059028
0 0.900574 0.034361 0.034107 0.068722
0 0.867258 0.045204 0.075443 0.090407
1 0.741047 0.965354 0.021083 0.020755
1 0.742634 0.943546 0.015544 0.020861