0 0.498546 0.667199 0.032430 0.143444
0 0.184233 0.170463 0.014456 0.093611
1 0.404395 0.030350 0.011747 0.038199
0 0.598204 0.898046 0.145003 0.095444
0 0.812997 0.689273 0.035031 0.016963
0 0.956651 0.036718 0.063578 0.072991
0 0.396906 0.949766 0.036292 0.100227
0 0.500517 0.500611 0.030440 0.129944
0 0.506099 0.054389 0.032927 0.108713
0 0.758827 0.968947 0.041451 0.060931
0 0.613730 0.988653 0.070128 0.021833
0 0.288439 0.537595 0.054013 0.057042
0 0.989336 0.511574 0.021328 0.118704
0 0.825104 0.040620 0.035573 0.081222
0 0.427686 0.218748 0.028487 0.099699
0 0.675430 0.782961 0.036167 0.023236
0 0.656706 0.769810 0.014161 0.011037
0 0.785070 0.824451 0.054042 0.151412