0 0.616676 0.058194 0.059945 0.097000
0 0.853792 0.442787 0.046495 0.087389
0 0.151033 0.940204 0.063362 0.117648
0 0.379372 0.396444 0.066354 0.109130
0 0.441837 0.307174 0.063586 0.112505
0 0.880094 0.066815 0.057297 0.082991
0 0.304711 0.545762 0.056568 0.125625
0 0.848375 0.079968 0.046891 0.093963
1 0.606650 0.022808 0.012883 0.024847
3 0.528073 0.768613 0.077229 0.143597
0 0.942720 0.027463 0.068414 0.054537
0 0.818704 0.091801 0.103143 0.139944
0 0.150948 0.940382 0.063432 0.117597
0 0.985952 0.083266 0.028018 0.066347
0 0.895855 0.041606 0.044122 0.082713
0 0.772956 0.247729 0.084891 0.087810
0 0.558305 0.143569 0.062875 0.099528
0 0.728548 0.169813 0.059430 0.089875