0 0.307913 0.489410 0.058997 0.158412
0 0.598938 0.636963 0.064255 0.140194
1 0.628823 0.714306 0.015359 0.031722
0 0.548033 0.485986 0.061628 0.125139
0 0.652375 0.644130 0.012536 0.036213
0 0.303788 0.773398 0.098315 0.154537
0 0.275438 0.687829 0.095943 0.147111
0 0.657592 0.803287 0.074648 0.162565
0 0.257971 0.604843 0.089437 0.139917
0 0.340335 0.930384 0.093945 0.138250
0 0.153875 0.065273 0.070729 0.121926
0 0.387577 0.971627 0.073091 0.055875
0 0.499712 0.359468 0.061497 0.134333
0 0.403771 0.448602 0.061818 0.128898
0 0.549664 0.962801 0.063438 0.073583
0 0.362008 0.020729 0.076333 0.038810
0 0.794725 0.010718 0.080872 0.019019
0 0.101202 0.014456 0.042102 0.026384
0 0.916757 0.018289 0.088122 0.035671
0 0.511301 0.843861 0.076487 0.140287
0 0.199827 0.376102 0.061263 0.052324
0 0.576770 0.299609 0.084440 0.120968
0 0.496850 0.215056 0.089242 0.109306
0 0.207193 0.047296 0.069151 0.092306
0 0.587322 0.092097 0.076279 0.088639
0 0.221987 0.429118 0.091078 0.113644
0 0.235754 0.520137 0.092049 0.141532
0 0.709542 0.937051 0.078099 0.124926
0 0.216357 0.195546 0.078031 0.156769
0 0.447270 0.902023 0.074034 0.191435