1 0.560932 0.024796 0.011573 0.033454
1 0.453882 0.164053 0.011945 0.029606
1 0.203915 0.180442 0.010258 0.030477
1 0.193674 0.179843 0.010021 0.029722
1 0.436215 0.366438 0.011112 0.027949
1 0.221703 0.561618 0.009714 0.034532
1 0.622949 0.241907 0.009128 0.021583
1 0.628751 0.219935 0.010471 0.025241
1 0.445914 0.144449 0.006604 0.030806
1 0.672917 0.039789 0.006979 0.019394
1 0.437435 0.409562 0.012469 0.027468
1 0.394612 0.147648 0.012286 0.031741
1 0.389790 0.132609 0.005576 0.026245
1 0.199042 0.554426 0.016187 0.031657
1 0.105965 0.607664 0.011331 0.023023
1 0.855630 0.087025 0.008135 0.031458
1 0.361406 0.085766 0.012635 0.044671
1 0.649479 0.049264 0.006771 0.023435
1 0.092592 0.009197 0.011227 0.018394
1 0.371844 0.079556 0.010531 0.038019
0 0.390367 0.106905 0.025047 0.022394
1 0.456003 0.354148 0.007859 0.022648
1 0.445566 0.361377 0.008133 0.030356
0 0.267969 0.253755 0.024688 0.020935