1 0.293155 0.405088 0.018690 0.036111
1 0.186001 0.704171 0.045190 0.026380
1 0.707470 0.228345 0.022841 0.047347
1 0.235012 0.727444 0.027883 0.037981
1 0.292030 0.945926 0.018117 0.036870
1 0.278408 0.529991 0.019440 0.039194
1 0.544598 0.536428 0.014576 0.041931
1 0.704710 0.466002 0.014654 0.038190
1 0.200135 0.643442 0.020776 0.029551
1 0.761014 0.229229 0.021523 0.044523
1 0.274353 0.409775 0.017789 0.037569
1 0.581706 0.525257 0.012667 0.035449
1 0.217953 0.614410 0.025312 0.034144
1 0.326818 0.146528 0.012729 0.040676
1 0.284251 0.444556 0.019596 0.037583
1 0.313689 0.154310 0.013070 0.036481
1 0.155960 0.422620 0.011674 0.039009
1 0.708829 0.408611 0.016378 0.038815
1 0.142613 0.414926 0.013987 0.036722
1 0.711665 0.405963 0.010992 0.032037
1 0.345802 0.143194 0.009953 0.042731