1 0.438603 0.424088 0.013039 0.031046
1 0.467148 0.450926 0.021536 0.031296
1 0.431706 0.453829 0.019786 0.033250
1 0.474743 0.517183 0.017878 0.028134
1 0.822583 0.716956 0.021365 0.044931
1 0.821997 0.757831 0.020089 0.036403
1 0.862480 0.741188 0.020664 0.036542
1 0.459202 0.097317 0.014461 0.052588
1 0.478202 0.113558 0.016393 0.063190
1 0.434154 0.519671 0.022266 0.034917
1 0.863792 0.776301 0.027547 0.033787
1 0.878695 0.261396 0.021984 0.033042
1 0.536298 0.933287 0.019591 0.034537
1 0.508273 0.934123 0.022849 0.069255
1 0.435057 0.486051 0.018531 0.035657
1 0.457987 0.539509 0.017901 0.037722
1 0.455016 0.419856 0.014365 0.038546
1 0.472634 0.483704 0.018159 0.030361
1 0.839909 0.796516 0.019745 0.030227