0 0.434275 0.333278 0.068570 0.146676
0 0.225832 0.103194 0.073185 0.152185
1 0.302697 0.700331 0.016122 0.034181
1 0.281431 0.688201 0.016065 0.029162
0 0.995812 0.826116 0.008375 0.144944
0 0.996146 0.830683 0.007708 0.134088
0 0.332379 0.229986 0.075664 0.147759
1 0.432402 0.592306 0.014154 0.042759
0 0.583214 0.028694 0.076839 0.053694
0 0.974457 0.518662 0.051086 0.117185
0 0.146590 0.044231 0.050164 0.086120
0 0.401826 0.039671 0.086797 0.077935
0 0.969648 0.762741 0.059323 0.176704
0 0.540698 0.442477 0.088891 0.228861
0 0.743738 0.194093 0.093831 0.097593
0 0.744454 0.601694 0.062471 0.159407
0 0.914611 0.725690 0.064721 0.174741
0 0.184553 0.070266 0.068497 0.137208
0 0.576633 0.192759 0.091000 0.128991
0 0.665884 0.078734 0.084268 0.108810
0 0.797132 0.641192 0.067565 0.178199
0 0.673680 0.268921 0.087682 0.114935
0 0.481449 0.119590 0.093591 0.123875
0 0.693064 0.565894 0.068529 0.165000
0 0.854105 0.687009 0.070195 0.180185
0 0.479132 0.390407 0.063456 0.155111
0 0.595296 0.478171 0.059445 0.153852
0 0.642882 0.529954 0.068174 0.168361
0 0.288145 0.192125 0.070878 0.131593
0 0.774375 0.351028 0.097536 0.125435
0 0.873133 0.431799 0.103318 0.128514
0 0.380802 0.276204 0.069161 0.143074