0 0.859775 0.504072 0.071310 0.164801
0 0.469635 0.135139 0.068880 0.138630
0 0.709560 0.377495 0.068771 0.153806
0 0.662967 0.339285 0.069310 0.153005
0 0.757122 0.415477 0.063609 0.145028
0 0.421016 0.079012 0.068375 0.132958
0 0.510888 0.193727 0.064667 0.147639
0 0.568152 0.247014 0.090747 0.213343
0 0.619590 0.287310 0.062227 0.145787
0 0.805622 0.454912 0.068214 0.164361
0 0.916626 0.547296 0.065299 0.158102
0 0.794962 0.185813 0.092732 0.118329
0 0.887661 0.273882 0.095974 0.131514
0 0.702061 0.101137 0.082648 0.116292
0 0.837314 0.306905 0.094492 0.128653
0 0.969174 0.589060 0.060182 0.162889
0 0.771513 0.047255 0.091062 0.091759
0 0.377220 0.050021 0.073508 0.097486
0 0.610923 0.042685 0.086836 0.083981
0 0.978486 0.369005 0.042633 0.120898
0 0.330495 0.027579 0.056219 0.053083
1 0.446678 0.499595 0.013440 0.027968
0 0.994612 0.646817 0.010776 0.150764
1 0.334607 0.453734 0.015391 0.036014
1 0.316630 0.441019 0.016583 0.035648