1 0.438271 0.723079 0.017865 0.041991
1 0.824500 0.895231 0.021469 0.040370
1 0.411544 0.599535 0.022708 0.045014
1 0.405780 0.635644 0.021211 0.039120
1 0.821740 0.846185 0.022177 0.036444
1 0.863188 0.868653 0.020448 0.036657
1 0.453190 0.658519 0.017422 0.025463
1 0.428413 0.243141 0.020091 0.049986
1 0.455893 0.294810 0.016182 0.050444
1 0.444072 0.625718 0.021857 0.033935
1 0.429997 0.593718 0.017453 0.036824
1 0.852016 0.358116 0.021469 0.035852
1 0.865212 0.905611 0.027831 0.035722
1 0.412117 0.671058 0.018818 0.039792
1 0.412620 0.709338 0.023292 0.042176
1 0.454354 0.692162 0.022016 0.042389
1 0.841201 0.933042 0.021005 0.033296