0 0.597259 0.859387 0.145299 0.096181
0 0.782368 0.783079 0.054477 0.150213
0 0.399270 0.930657 0.035003 0.138685
0 0.754983 0.948130 0.045383 0.103741
0 0.823633 0.026581 0.035234 0.052718
0 0.987734 0.473181 0.024531 0.120157
0 0.949844 0.023507 0.057187 0.046042
0 0.290835 0.505287 0.053440 0.055389
0 0.428069 0.191294 0.028706 0.097255
0 0.506052 0.041475 0.030703 0.082949
0 0.499260 0.633799 0.032380 0.141338
0 0.614376 0.967375 0.070930 0.057639
0 0.501104 0.470116 0.030500 0.129435
1 0.401819 0.014664 0.008810 0.029329
0 0.657142 0.733502 0.015904 0.012005
0 0.674585 0.748007 0.036872 0.021106
0 0.810000 0.647275 0.037604 0.023810
0 0.186474 0.145810 0.013510 0.086713