3 0.572296 0.514069 0.073258 0.124296
0 0.399820 0.229044 0.057776 0.097671
0 0.839582 0.071669 0.060534 0.069931
0 0.219014 0.506620 0.065633 0.112157
0 0.484365 0.129838 0.066010 0.087083
0 0.872444 0.144824 0.082924 0.064056
0 0.552516 0.075394 0.067104 0.089981
2 0.169669 0.995044 0.038057 0.009912
0 0.963051 0.033787 0.032299 0.067463
0 0.936898 0.043738 0.084333 0.087069
0 0.665887 0.010192 0.027924 0.017995
0 0.922156 0.320442 0.033255 0.029977
1 0.737803 0.853447 0.020919 0.018356
0 0.984454 0.040456 0.031091 0.065431
1 0.739543 0.894660 0.021081 0.020755
1 0.742460 0.873958 0.015544 0.020861