1 0.442643 0.194630 0.011276 0.025278
1 0.463382 0.187016 0.008674 0.039995
0 0.280495 0.087153 0.023542 0.023380
1 0.206844 0.018961 0.010844 0.028560
1 0.235867 0.388238 0.010521 0.038847
1 0.444346 0.236572 0.014906 0.029394
1 0.124176 0.425653 0.015378 0.024454
1 0.215630 0.370725 0.013760 0.031449
1 0.451901 0.190532 0.008177 0.026528
1 0.468594 0.007616 0.010885 0.015231
1 0.218530 0.017338 0.010648 0.034676
1 0.006637 0.073616 0.013273 0.047454
1 0.624275 0.074282 0.009711 0.023019
1 0.631559 0.060613 0.009711 0.030218