0 0.362008 0.776914 0.079068 0.150477
0 0.401956 0.874583 0.035354 0.069111
0 0.190052 0.915609 0.090880 0.168551
0 0.126771 0.568539 0.095505 0.153273
1 0.627807 0.939810 0.017917 0.046259
0 0.649210 0.980144 0.053930 0.039222
0 0.262359 0.854525 0.077005 0.176523
0 0.135668 0.770896 0.047055 0.062829
0 0.094467 0.381611 0.088003 0.136491
0 0.450384 0.628884 0.076164 0.146231
0 0.163286 0.821912 0.094729 0.149241
0 0.042587 0.445734 0.084023 0.127134
0 0.588805 0.882593 0.078073 0.152657
0 0.235323 0.957363 0.066151 0.084162
0 0.808461 0.274725 0.079630 0.076745
0 0.516598 0.747972 0.077539 0.148787
0 0.596053 0.120056 0.091523 0.086269
0 0.942806 0.034479 0.087659 0.065875
0 0.387087 0.079537 0.092570 0.098111
0 0.584680 0.322097 0.085776 0.070389
0 0.294068 0.044970 0.090161 0.087856
0 0.639345 0.903773 0.012409 0.036333
0 0.427452 0.469106 0.096159 0.092000
0 0.699090 0.103748 0.092513 0.088431
0 0.494276 0.114736 0.093349 0.082574
0 0.823094 0.075940 0.095151 0.091657
0 0.709169 0.206461 0.105490 0.083208
0 0.520589 0.531391 0.089891 0.098977
0 0.211474 0.020701 0.077625 0.037069