0 0.740965 0.325333 0.085445 0.101111
0 0.949764 0.028231 0.023247 0.025028
0 0.806725 0.130764 0.052367 0.096565
1 0.558960 0.114773 0.015060 0.021194
0 0.348374 0.543484 0.067117 0.120181
0 0.407958 0.437611 0.062427 0.120889
0 0.949590 0.008995 0.021419 0.017991
0 0.518178 0.247069 0.062154 0.107481
0 0.967417 0.106289 0.064849 0.089495
0 0.572477 0.148146 0.057594 0.103125
0 0.691503 0.244648 0.058854 0.098157
3 0.523091 0.910722 0.080656 0.154056
0 0.839007 0.113917 0.060430 0.089389
0 0.835960 0.528569 0.054310 0.111759
0 0.778904 0.150720 0.108557 0.142690
0 0.279247 0.717833 0.051854 0.132935
0 0.852707 0.068769 0.046414 0.068028
0 0.659592 0.009398 0.027576 0.018231
0 0.883522 0.042225 0.108669 0.083671
0 0.511307 0.038183 0.058229 0.073773
0 0.312191 0.369470 0.027971 0.061338