0 0.575648 0.113972 0.050635 0.105472
1 0.478335 0.326285 0.015372 0.018125
0 0.861783 0.071757 0.030445 0.029866
0 0.859271 0.043313 0.029505 0.029866
0 0.686732 0.482479 0.081599 0.122866
0 0.813766 0.685907 0.075693 0.148398
0 0.306107 0.862685 0.064500 0.146296
0 0.890962 0.171296 0.066393 0.108019
0 0.357762 0.718600 0.059841 0.143181
0 0.451803 0.464995 0.058107 0.123333
0 0.626617 0.400877 0.053766 0.110847
0 0.424677 0.246532 0.070474 0.078306
0 0.953771 0.072044 0.059635 0.097162
0 0.695715 0.274606 0.102596 0.136750
0 0.494714 0.341394 0.052599 0.115407
0 0.758203 0.207600 0.062521 0.084495
0 0.785992 0.077296 0.126005 0.152296
0 0.613413 0.030887 0.044596 0.060282
0 0.728642 0.236579 0.061633 0.088139
0 0.771303 0.160606 0.056966 0.075259
0 0.990289 0.014512 0.019422 0.029023
0 0.349799 0.164593 0.014229 0.063083