1 0.264996 0.477887 0.018299 0.029616
1 0.174318 0.469354 0.023531 0.042773
1 0.279112 0.474894 0.011375 0.029028
1 0.336387 0.211502 0.009904 0.035708
1 0.212169 0.692896 0.019937 0.036292
1 0.283592 0.477590 0.019055 0.033856
1 0.170971 0.797375 0.024281 0.036315
1 0.132052 0.491405 0.014396 0.033588
1 0.146030 0.498266 0.012497 0.039579
1 0.317238 0.211979 0.012357 0.041088
1 0.276340 0.516711 0.021023 0.037005
1 0.304025 0.224664 0.013893 0.038005
1 0.750172 0.287398 0.020339 0.038343
1 0.547632 0.626778 0.015685 0.048898
1 0.221592 0.817947 0.027128 0.036042
1 0.582943 0.604382 0.015328 0.037884
1 0.268788 0.615775 0.022357 0.043773
1 0.701557 0.467421 0.019260 0.038889
1 0.193470 0.724162 0.022221 0.027880
1 0.702549 0.529894 0.016255 0.032222
1 0.697470 0.286664 0.019227 0.042366
1 0.290048 0.477928 0.019122 0.033144
1 0.205695 0.689743 0.022932 0.032940