0 0.382168 0.376637 0.072956 0.073884
0 0.341276 0.893028 0.056286 0.156583
0 0.851306 0.219579 0.064227 0.114583
0 0.424850 0.599637 0.055409 0.135699
0 0.805115 0.770074 0.080760 0.146194
0 0.814960 0.110380 0.028721 0.025685
0 0.528762 0.208289 0.046878 0.109931
0 0.947958 0.028731 0.034839 0.040741
0 0.664466 0.579326 0.078745 0.135838
0 0.811194 0.081938 0.029034 0.029588
1 0.444033 0.451713 0.014190 0.019907
0 0.302292 0.305384 0.013562 0.066806
0 0.597939 0.496699 0.050742 0.118009
0 0.598022 0.496389 0.050779 0.117750
0 0.309047 0.988255 0.034661 0.022898
0 0.728176 0.215479 0.055273 0.064134
0 0.690169 0.309708 0.065682 0.085843
0 0.718509 0.272734 0.064279 0.080375
0 0.461164 0.460708 0.048734 0.120574
0 0.659471 0.354315 0.106339 0.129370
0 0.563013 0.092748 0.046016 0.104532
0 0.738887 0.130194 0.128044 0.148667
0 0.909507 0.104259 0.059706 0.104880