0 0.666930 0.006630 0.024859 0.011648
0 0.370999 0.403049 0.068596 0.065921
0 0.682225 0.326863 0.066904 0.085153
0 0.720078 0.232840 0.057802 0.067866
0 0.710415 0.288993 0.064367 0.080051
0 0.728246 0.143051 0.130034 0.144537
0 0.454307 0.489016 0.049490 0.123847
0 0.552076 0.114877 0.044557 0.102440
0 0.651962 0.373016 0.106076 0.127542
0 0.338441 0.926516 0.056049 0.145218
0 0.592617 0.519646 0.049411 0.120069
0 0.900206 0.113419 0.059573 0.105810
0 0.519339 0.231458 0.046667 0.113009
0 0.419178 0.631725 0.055372 0.137866
0 0.803732 0.789424 0.082271 0.146745
0 0.842910 0.232861 0.063539 0.118444
0 0.660216 0.602880 0.078740 0.137935
0 0.949250 0.005329 0.027104 0.010657
0 0.937521 0.035282 0.034667 0.041019
1 0.437082 0.481192 0.014117 0.018403
0 0.806332 0.122231 0.027466 0.023731
0 0.799979 0.093926 0.029193 0.031259
0 0.292250 0.337956 0.013349 0.063653