1 0.744212 0.864630 0.022648 0.018056
0 0.270883 0.358542 0.065797 0.100102
0 0.983103 0.072192 0.033794 0.114347
2 0.177781 0.871428 0.080750 0.148903
1 0.747085 0.845100 0.017242 0.018662
0 0.937357 0.171076 0.081510 0.062162
0 0.553815 0.064069 0.065969 0.076204
0 0.626320 0.032958 0.069063 0.063926
3 0.608771 0.457248 0.072380 0.121495
0 0.463643 0.139428 0.060688 0.086264
0 0.910596 0.093322 0.060411 0.053560
1 0.745286 0.824840 0.020990 0.020847
0 0.972771 0.344771 0.031875 0.016190
0 0.748168 0.002711 0.008945 0.005421
1 0.745154 0.865039 0.021083 0.020755
1 0.748671 0.844602 0.015544 0.020861