0 0.889858 0.326021 0.035154 0.043986
0 0.630241 0.024542 0.061727 0.047722
3 0.551478 0.572086 0.073878 0.127532
0 0.793551 0.076794 0.060044 0.076968
0 0.830134 0.149336 0.083857 0.074495
0 0.507397 0.127363 0.066419 0.098671
0 0.440711 0.195484 0.064729 0.094440
0 0.188986 0.630507 0.065258 0.121171
0 0.885294 0.038880 0.074563 0.077759
0 0.920757 0.028639 0.034810 0.057278
0 0.945026 0.023218 0.050823 0.046435
0 0.971228 0.019331 0.028685 0.036542
1 0.736969 0.892995 0.021656 0.020343
0 0.360514 0.311174 0.057727 0.104894
1 0.740168 0.932238 0.021081 0.020755
1 0.741781 0.909829 0.015547 0.020861