0 0.309100 0.940477 0.044393 0.114787
0 0.035251 0.795949 0.037398 0.143000
0 0.344948 0.642653 0.042297 0.118880
0 0.083389 0.361058 0.040555 0.123801
0 0.170757 0.389891 0.036893 0.107273
0 0.185645 0.820954 0.137206 0.129333
0 0.320603 0.508803 0.038091 0.107412
0 0.171145 0.545067 0.108534 0.087588
0 0.248814 0.153947 0.041133 0.110856
0 0.166141 0.745544 0.060214 0.070551
0 0.156458 0.684731 0.066260 0.066750
0 0.166236 0.620016 0.065862 0.064282
0 0.905438 0.585877 0.059750 0.072005
0 0.517060 0.932616 0.065849 0.076296
0 0.245025 0.248410 0.052633 0.086727
0 0.354258 0.240852 0.060313 0.089306
0 0.022883 0.949977 0.039964 0.083657