0 0.802029 0.113711 0.047464 0.062986
0 0.823540 0.059706 0.124232 0.119412
0 0.263323 0.925440 0.040969 0.138759
0 0.760464 0.186104 0.058078 0.087588
3 0.525132 0.996181 0.036138 0.007639
0 0.897251 0.023065 0.028966 0.027611
0 0.899745 0.051792 0.026870 0.027935
0 0.457845 0.151090 0.064508 0.083366
0 0.320341 0.722127 0.066516 0.135745
0 0.707572 0.413662 0.083013 0.113815
0 0.376294 0.593565 0.061047 0.132296
0 0.477508 0.369852 0.060667 0.115213
0 0.651876 0.331780 0.056049 0.105634
0 0.390475 0.077363 0.016018 0.050597
1 0.510333 0.233007 0.012234 0.020634
0 0.820234 0.619995 0.063911 0.137991
0 0.614345 0.050234 0.052747 0.099245
0 0.922598 0.140549 0.067784 0.100551
0 0.525204 0.255769 0.054638 0.112343
0 0.790973 0.164317 0.062039 0.086588
0 0.728690 0.219160 0.103812 0.141375
0 0.979010 0.052569 0.041875 0.093907