0 0.461150 0.160764 0.065482 0.090352
0 0.850133 0.143866 0.083641 0.069287
0 0.815241 0.070998 0.060279 0.075375
0 0.378583 0.267465 0.057583 0.102069
3 0.561038 0.540264 0.073174 0.126204
0 0.650527 0.015125 0.053263 0.029556
0 0.967339 0.028778 0.046380 0.057194
0 0.903042 0.319331 0.033495 0.036708
0 0.939561 0.029965 0.029273 0.059931
0 0.990460 0.023301 0.019081 0.045898
0 0.906710 0.039507 0.074159 0.079014
0 0.202767 0.567083 0.064982 0.116352
1 0.736040 0.871340 0.021820 0.017588
0 0.528365 0.099347 0.066099 0.093269
1 0.739452 0.908396 0.021081 0.020755
1 0.741600 0.889296 0.015544 0.020861