0 0.688969 0.892363 0.044870 0.038736
0 0.811520 0.239002 0.086971 0.115523
1 0.487095 0.087419 0.013810 0.029199
1 0.499273 0.110477 0.012599 0.037824
1 0.123430 0.273301 0.017417 0.031491
0 0.995443 0.299363 0.009115 0.089958
0 0.439245 0.695900 0.017635 0.074153
1 0.138941 0.295558 0.014914 0.040921
1 0.129194 0.114741 0.014628 0.033454
1 0.115928 0.301271 0.021253 0.048986
1 0.512070 0.330815 0.013719 0.035907
0 0.976924 0.592856 0.046016 0.137722
0 0.707770 0.036009 0.077482 0.070241
0 0.952703 0.518227 0.090500 0.128194
0 0.926818 0.419387 0.085193 0.135699
0 0.849427 0.008741 0.029385 0.016991
0 0.740589 0.966500 0.041807 0.067000
0 0.972935 0.091546 0.053781 0.127685
0 0.747522 0.093949 0.115674 0.163352
0 0.888279 0.160984 0.077401 0.151097
0 0.900336 0.068343 0.070990 0.128620
0 0.879680 0.368421 0.078490 0.118139
0 0.963794 0.210021 0.072411 0.149699
0 0.845553 0.302405 0.085805 0.122051
0 0.784970 0.163625 0.079023 0.118657
0 0.064345 0.440484 0.021685 0.051968
1 0.133331 0.137743 0.015099 0.036431
0 0.066500 0.382720 0.031792 0.042801
1 0.142238 0.130271 0.018716 0.033514