1 0.618064 0.911373 0.013096 0.030588
1 0.590982 0.888410 0.013974 0.027153
1 0.827341 0.974944 0.018453 0.025898
1 0.846350 0.279799 0.015878 0.031884
1 0.826240 0.417141 0.021115 0.041319
1 0.891630 0.365660 0.023510 0.033264
1 0.814974 0.362238 0.010417 0.035431
1 0.706895 0.594701 0.010482 0.035875
1 0.697648 0.611530 0.011078 0.031384
1 0.806954 0.365808 0.005992 0.017366
1 0.082228 0.338079 0.024242 0.030694
1 0.528529 0.942602 0.013500 0.027852
1 0.795358 0.450729 0.017815 0.035403
1 0.559279 0.928250 0.011427 0.024287
1 0.702661 0.801188 0.018901 0.033449
1 0.805604 0.467674 0.017490 0.030014
1 0.685965 0.784113 0.012378 0.023542