0 0.247195 0.288477 0.080807 0.154639
0 0.490367 0.644880 0.071953 0.162204
0 0.510098 0.351903 0.094013 0.137713
0 0.805538 0.666046 0.102029 0.147231
0 0.143669 0.128931 0.074323 0.142574
0 0.702962 0.554132 0.092227 0.129338
0 0.446914 0.574377 0.076286 0.151856
0 0.395576 0.501616 0.076536 0.146009
0 0.349587 0.445252 0.082852 0.151940
0 0.706870 0.890470 0.078479 0.183273
0 0.706384 0.340843 0.087445 0.126213
0 0.655224 0.839407 0.078833 0.187630
0 0.551293 0.719289 0.102185 0.246968
0 0.306371 0.394699 0.077732 0.135963
0 0.782914 0.482352 0.100021 0.115917
0 0.608035 0.767303 0.069711 0.171264
0 0.203081 0.072512 0.072057 0.129236
0 0.604815 0.451664 0.093380 0.137421
0 0.433775 0.238287 0.088737 0.116667
0 0.758914 0.925049 0.071135 0.147616
0 0.905993 0.774896 0.105503 0.152523
0 0.623129 0.236532 0.082987 0.126537
0 0.207322 0.239225 0.075799 0.147551
0 0.555966 0.146722 0.075031 0.114870
0 0.115398 0.067792 0.078771 0.121444
0 0.177171 0.181146 0.070747 0.142079
0 0.817444 0.948384 0.067055 0.100806
0 0.481396 0.051299 0.071818 0.100245
0 0.882201 0.978951 0.050797 0.040940
0 0.249052 0.056831 0.074396 0.111569
0 0.989699 0.899106 0.020602 0.146083
1 0.426604 0.714558 0.014224 0.034894
1 0.284389 0.953308 0.017466 0.026542
1 0.263888 0.939910 0.014380 0.035060
0 0.092531 0.033928 0.040042 0.057144
0 0.432460 0.009792 0.020133 0.018194