0 0.745258 0.341431 0.074495 0.146139
0 0.425954 0.977725 0.013680 0.044551
1 0.015285 0.831928 0.013232 0.028829
1 0.357409 0.322407 0.013516 0.035093
0 0.701475 0.296083 0.074872 0.142380
0 0.885335 0.497065 0.077695 0.156546
1 0.006389 0.582093 0.012492 0.019537
1 0.033939 0.836370 0.023565 0.022259
1 0.374465 0.339565 0.013326 0.040407
0 0.683073 0.023773 0.061635 0.044324
1 0.018034 0.859583 0.027406 0.025296
1 0.464367 0.458708 0.013172 0.039306
0 0.476719 0.029745 0.059495 0.056944
0 0.978260 0.604530 0.043479 0.160819
0 0.829313 0.043995 0.089536 0.085333
0 0.843400 0.176995 0.087992 0.132315
0 0.809169 0.224280 0.091594 0.136986
0 0.525487 0.062683 0.072755 0.124551
0 0.755618 0.073072 0.080190 0.122727
0 0.614490 0.187613 0.099224 0.200245
0 0.789258 0.389313 0.068427 0.138088
0 0.562095 0.123780 0.068961 0.139356
0 0.835210 0.437507 0.074581 0.156755
0 0.662447 0.236201 0.067857 0.139431
0 0.928076 0.279762 0.093036 0.140875
0 0.939047 0.550968 0.070984 0.151287
0 0.745487 0.341525 0.074438 0.145792