1 0.880914 0.550185 0.019474 0.047213
1 0.094836 0.666444 0.014687 0.025019
1 0.427784 0.722303 0.013797 0.033736
1 0.073732 0.125882 0.015849 0.029384
1 0.862534 0.542648 0.019016 0.025065
1 0.214301 0.014259 0.017701 0.028519
1 0.204687 0.027005 0.013594 0.026731
1 0.137714 0.656394 0.012818 0.021287
1 0.036586 0.129549 0.017214 0.018218
1 0.102620 0.089530 0.016062 0.021097
1 0.083115 0.099850 0.019260 0.027199
1 0.889250 0.630782 0.021833 0.045546
1 0.242714 0.388648 0.017875 0.042704
1 0.823757 0.551789 0.019414 0.035801
1 0.221617 0.387558 0.015302 0.035162
1 0.844056 0.548461 0.018023 0.041792
1 0.113043 0.119880 0.017049 0.044019
1 0.102625 0.139662 0.018896 0.027120
1 0.069319 0.169743 0.021039 0.030597
1 0.091935 0.147412 0.011792 0.030694
1 0.893885 0.564377 0.017703 0.029375
1 0.905240 0.575037 0.018177 0.020981
1 0.905638 0.619197 0.019818 0.020847
1 0.344757 0.072111 0.017487 0.022583
1 0.196848 0.996086 0.010951 0.007829
1 0.217612 0.429678 0.009651 0.030366
1 0.254641 0.407500 0.006490 0.016194
1 0.211013 0.449377 0.013115 0.020403
0 0.206997 0.569815 0.014344 0.036917