1 0.638216 0.355595 0.011536 0.023347
1 0.610228 0.359407 0.011914 0.025167
1 0.208126 0.954595 0.018591 0.027079
1 0.691961 0.182833 0.009687 0.033685
1 0.216887 0.977157 0.016227 0.021907
0 0.265268 0.857488 0.032641 0.041736
1 0.298470 0.931479 0.015013 0.021551
1 0.684314 0.199840 0.010935 0.030116
1 0.306065 0.957100 0.013323 0.026449
1 0.971311 0.209201 0.017482 0.035162
1 0.983708 0.203669 0.010682 0.023495
1 0.643393 0.388435 0.012516 0.028870
1 0.224910 0.848498 0.020185 0.036995
1 0.576617 0.561567 0.011047 0.014153
1 0.551706 0.579090 0.005911 0.018208
1 0.832845 0.051308 0.014492 0.033495
1 0.792953 0.025306 0.013672 0.034019
1 0.653996 0.402002 0.012315 0.030810
1 0.405831 0.683491 0.016188 0.024463
1 0.786271 0.480148 0.014052 0.031972
1 0.628863 0.342067 0.010174 0.026884
1 0.587444 0.368963 0.012232 0.032444
1 0.571181 0.850972 0.010523 0.018704
1 0.570777 0.819317 0.011331 0.030218
1 0.235655 0.832236 0.017544 0.032287
1 0.258354 0.563069 0.017719 0.019843
1 0.990047 0.121583 0.011396 0.030167
1 0.800335 0.040271 0.013706 0.030634