0 0.618253 0.040060 0.086271 0.078500
0 0.335410 0.021613 0.050497 0.040773
0 0.862534 0.502477 0.072323 0.163611
0 0.980332 0.370016 0.038831 0.119106
1 0.449082 0.497370 0.013581 0.038130
1 0.338661 0.440190 0.016281 0.036611
0 0.667408 0.333900 0.069841 0.151208
1 0.322299 0.426551 0.014776 0.031250
0 0.573096 0.240458 0.092297 0.209537
0 0.713605 0.372236 0.069539 0.151398
0 0.624402 0.279894 0.062159 0.144870
0 0.808949 0.451928 0.069398 0.164245
0 0.760781 0.411956 0.064036 0.144995
0 0.516717 0.184512 0.064857 0.146329
0 0.919221 0.547319 0.066406 0.157500
0 0.892361 0.273637 0.095352 0.131606
0 0.427372 0.068979 0.069021 0.130690
0 0.800733 0.184072 0.092529 0.118903
0 0.475904 0.126005 0.069458 0.137648
0 0.708115 0.096808 0.082661 0.117329
0 0.832095 0.294174 0.094737 0.130505
0 0.970678 0.590167 0.058341 0.162139
0 0.778447 0.046410 0.090018 0.089986
0 0.383484 0.043641 0.070214 0.084810