1 0.990010 0.218435 0.019292 0.038472
1 0.845216 0.447199 0.027094 0.041269
1 0.857997 0.470477 0.027661 0.046620
1 0.447794 0.190542 0.013031 0.021657
0 0.461993 0.315361 0.035701 0.065167
1 0.060503 0.250391 0.021703 0.027829
1 0.088125 0.210134 0.016510 0.039833
1 0.071411 0.199813 0.013969 0.031301
1 0.337169 0.028794 0.018693 0.054671
1 0.661272 0.697389 0.020055 0.042907
1 0.080850 0.243755 0.013388 0.018241
1 0.233297 0.396792 0.018766 0.043315
1 0.074046 0.617512 0.031945 0.042097
1 0.026617 0.887715 0.034318 0.048032