0 0.612872 0.747505 0.068703 0.061148
0 0.657762 0.530903 0.023529 0.020917
0 0.797719 0.422692 0.040312 0.036634
0 0.808022 0.372340 0.021341 0.018236
0 0.192669 0.017113 0.026901 0.034227
0 0.670671 0.545718 0.034966 0.027694
0 0.409340 0.719343 0.034711 0.139333
0 0.773896 0.553519 0.050417 0.137352
0 0.597464 0.641507 0.136693 0.094542
0 0.743227 0.736157 0.051510 0.159704
0 0.979066 0.262431 0.041737 0.125824
0 0.503743 0.446718 0.032503 0.129750
0 0.398220 0.897630 0.036940 0.148361
0 0.594410 0.891403 0.077336 0.071926
0 0.572031 0.963373 0.122141 0.072755
0 0.505337 0.295609 0.029820 0.121875
0 0.612654 0.821831 0.071526 0.068514
0 0.434456 0.040933 0.029073 0.081838
0 0.306625 0.323683 0.061578 0.061801