0 0.996823 0.181391 0.006354 0.048514
0 0.855977 0.118822 0.081844 0.104051
0 0.902025 0.267704 0.089398 0.105639
0 0.689336 0.758958 0.043464 0.038935
0 0.929788 0.341100 0.080404 0.103468
0 0.970451 0.503292 0.059083 0.112296
1 0.230819 0.022581 0.017216 0.043505
0 0.826121 0.055269 0.119310 0.108380
0 0.989061 0.592391 0.021878 0.113773
1 0.214490 0.023252 0.017719 0.045505
0 0.956595 0.148609 0.069898 0.157042
0 0.875841 0.197861 0.088594 0.097889
1 0.152307 0.156069 0.018760 0.052676
1 0.085479 0.872366 0.025927 0.031361
1 0.544257 0.229146 0.011924 0.040875
1 0.044773 0.846597 0.025594 0.036111
0 0.470798 0.511530 0.019273 0.068847
0 0.970768 0.068366 0.058464 0.130713
0 0.967428 0.393553 0.065143 0.118634
0 0.155184 0.115435 0.025539 0.052287
0 0.152477 0.155769 0.018760 0.052676