0 0.560562 0.331074 0.147187 0.093320
0 0.138992 0.508408 0.126953 0.082637
0 0.895898 0.084326 0.143422 0.086309
0 0.196180 0.910244 0.119547 0.081074
0 0.523164 0.944756 0.152109 0.097207
0 0.141305 0.410107 0.134109 0.078496
0 0.718414 0.069141 0.159578 0.091758
0 0.542680 0.759033 0.152734 0.087246
0 0.138461 0.508125 0.128078 0.085820
0 0.151469 0.617822 0.137688 0.086621
0 0.538633 0.858027 0.148578 0.086172
0 0.178219 0.819512 0.118938 0.093789
0 0.558547 0.543350 0.146437 0.090020
0 0.143836 0.300400 0.139422 0.082793
0 0.153016 0.709854 0.133438 0.081895