1 0.808447 0.291623 0.008055 0.033792
1 0.827322 0.325475 0.018117 0.038356
1 0.368173 0.451847 0.009346 0.025074
1 0.678203 0.710525 0.013885 0.028588
1 0.801503 0.290669 0.005036 0.018755
1 0.882000 0.298093 0.018646 0.029593
1 0.847848 0.196227 0.013581 0.028870
1 0.795543 0.364669 0.016763 0.032356
1 0.596853 0.782282 0.011482 0.024046
1 0.805143 0.383211 0.016203 0.031477
1 0.621327 0.808150 0.013451 0.024264
1 0.539168 0.836468 0.010888 0.028009
1 0.695810 0.722632 0.018948 0.021921
1 0.823941 0.883433 0.017482 0.039708
1 0.704604 0.517030 0.010562 0.032190
1 0.694641 0.532192 0.010562 0.032190
1 0.092622 0.266192 0.022047 0.027801
1 0.566904 0.824065 0.013250 0.029704