0 0.291544 0.494604 0.054286 0.056708
0 0.656487 0.721106 0.015688 0.011620
0 0.674122 0.734838 0.035510 0.023046
0 0.754191 0.940481 0.046430 0.119037
0 0.506374 0.037324 0.031680 0.074537
0 0.820547 0.022176 0.031406 0.044352
0 0.987383 0.461046 0.025234 0.120611
0 0.946253 0.018303 0.052234 0.036153
0 0.809163 0.633125 0.037560 0.025972
0 0.399315 0.925400 0.035625 0.149199
0 0.781832 0.769697 0.054706 0.149292
0 0.186977 0.137549 0.015214 0.085282
0 0.501908 0.459356 0.029232 0.127324
1 0.402159 0.011252 0.008583 0.022505
0 0.614062 0.954887 0.071276 0.059144
0 0.428659 0.182208 0.028401 0.097935
0 0.499565 0.622722 0.032125 0.140111
0 0.598087 0.846144 0.143596 0.095472