0 0.676491 0.322146 0.071346 0.149199
1 0.349337 0.410954 0.013919 0.040241
0 0.349096 0.009262 0.027719 0.016606
1 0.454382 0.490477 0.013737 0.041935
0 0.984780 0.375685 0.030029 0.119333
0 0.394618 0.032234 0.062513 0.061532
0 0.633388 0.035542 0.084146 0.068176
0 0.972652 0.594185 0.054685 0.162824
0 0.792253 0.044970 0.090557 0.087329
0 0.442522 0.056109 0.068560 0.109856
0 0.720915 0.089287 0.082091 0.118833
0 0.584271 0.224417 0.094812 0.207083
0 0.634586 0.266741 0.063750 0.143796
0 0.822116 0.274470 0.094362 0.128653
0 0.924365 0.547759 0.067510 0.156435
0 0.811951 0.180438 0.091932 0.121699
0 0.489048 0.106120 0.069826 0.135361
0 0.902242 0.274308 0.094370 0.134662
0 0.768665 0.404285 0.065414 0.142181
0 0.816259 0.447738 0.070477 0.161421
0 0.528871 0.166428 0.066357 0.143764
0 0.722154 0.363215 0.071245 0.149958
0 0.868832 0.500331 0.073346 0.160347
1 0.331432 0.396144 0.015052 0.031454