1 0.277092 0.555016 0.023049 0.036829
1 0.189454 0.807215 0.024331 0.029949
1 0.268911 0.592882 0.020495 0.030884
1 0.258900 0.697514 0.019534 0.033843
1 0.698344 0.524715 0.016625 0.036495
1 0.587788 0.694155 0.014310 0.041153
1 0.700953 0.595898 0.019641 0.027398
1 0.553759 0.715104 0.017951 0.039153
1 0.204341 0.768963 0.025401 0.037926
1 0.254932 0.549961 0.018411 0.027718
1 0.684702 0.343840 0.021180 0.037773
1 0.211288 0.908569 0.030206 0.035222
1 0.294543 0.289650 0.015143 0.036144
1 0.307685 0.278891 0.012135 0.039940
1 0.277012 0.554368 0.022971 0.036014
1 0.135424 0.577579 0.012922 0.036444
1 0.277958 0.555058 0.021526 0.036468
1 0.739849 0.340062 0.021901 0.040523
1 0.159241 0.887634 0.018154 0.037602
1 0.121936 0.570461 0.012279 0.033273
1 0.326953 0.276623 0.010958 0.040616
1 0.122069 0.571058 0.012529 0.033708
1 0.166143 0.547963 0.025370 0.039833