0 0.514684 0.596021 0.078180 0.145255
0 0.643311 0.371132 0.016727 0.048468
0 0.566208 0.769308 0.087682 0.189338
0 0.775863 0.902199 0.083794 0.183176
0 0.322483 0.530903 0.094112 0.140278
0 0.257983 0.298403 0.087154 0.130648
0 0.385549 0.760188 0.099292 0.145319
0 0.417311 0.853951 0.093919 0.144273
0 0.295642 0.453183 0.091643 0.132745
0 0.709854 0.721296 0.080839 0.165602
0 0.658070 0.573377 0.071359 0.147255
0 0.356693 0.678053 0.089167 0.125579
0 0.278430 0.376470 0.084948 0.127801
0 0.416151 0.500350 0.059010 0.157255
0 0.452296 0.948491 0.096492 0.101509
0 0.643914 0.932042 0.094109 0.135120
0 0.248497 0.038069 0.060615 0.075185
0 0.587943 0.102681 0.081177 0.121750
0 0.245417 0.215424 0.087094 0.104273
0 0.510523 0.040046 0.086932 0.078528
0 0.605439 0.419567 0.059695 0.133653
1 0.393164 0.982935 0.019396 0.027287
0 0.326652 0.274273 0.055591 0.151361
0 0.326667 0.274252 0.055786 0.151255
0 0.405264 0.209262 0.033602 0.065560
1 0.655086 0.440123 0.020615 0.030051
0 0.228372 0.161343 0.045443 0.051481
0 0.511615 0.158340 0.060245 0.132301
0 0.560695 0.295641 0.060245 0.132301
1 0.068227 0.856718 0.012604 0.016528