1 0.425874 0.091722 0.012195 0.014907
1 0.760777 0.091079 0.009680 0.027843
0 0.234587 0.518019 0.026607 0.021963
0 0.361375 0.344144 0.025896 0.028287
1 0.706751 0.158803 0.013008 0.028690
1 0.711772 0.168067 0.014701 0.032060
1 0.763156 0.070551 0.009333 0.025639
1 0.741586 0.084134 0.012182 0.027565
1 0.727549 0.073704 0.014578 0.036019
1 0.630840 0.262354 0.006576 0.018782
1 0.654953 0.247431 0.007250 0.016065
1 0.407292 0.391750 0.008802 0.023963
1 0.330516 0.322076 0.014177 0.040940
1 0.342148 0.380264 0.008932 0.027472
1 0.340701 0.313069 0.013234 0.035157
1 0.349539 0.394727 0.012484 0.031306
1 0.414185 0.410076 0.008349 0.027718
1 0.074401 0.917160 0.020234 0.025903
1 0.168285 0.857303 0.014570 0.033097
1 0.190542 0.857303 0.018615 0.033097
1 0.415013 0.621519 0.012359 0.029491
1 0.426560 0.612266 0.008781 0.027181
1 0.438432 0.602437 0.011057 0.034116
1 0.416965 0.665174 0.014961 0.030069
1 0.613591 0.445505 0.012141 0.021583
1 0.607521 0.467808 0.012948 0.023023
1 0.152504 0.446081 0.019424 0.033097
1 0.165452 0.436009 0.019424 0.038852
1 0.847254 0.276310 0.008992 0.033972
1 0.798007 0.011019 0.014659 0.021056
1 0.522302 0.250537 0.011568 0.026565