0 0.382039 0.243664 0.068922 0.141273
0 0.852555 0.646729 0.069880 0.178273
0 0.107775 0.012146 0.031492 0.021523
0 0.995207 0.782257 0.009586 0.151616
1 0.285956 0.650421 0.014964 0.029741
0 0.597766 0.013912 0.040943 0.025213
1 0.433400 0.573981 0.013529 0.034657
0 0.145973 0.030477 0.042508 0.056806
0 0.743337 0.564218 0.061951 0.156361
0 0.595648 0.442551 0.058917 0.152407
0 0.290074 0.161465 0.069930 0.131755
0 0.576887 0.160975 0.090148 0.128894
0 0.673259 0.235722 0.087003 0.114167
0 0.742689 0.162937 0.093888 0.097144
0 0.967957 0.721891 0.059773 0.175477
0 0.664661 0.051759 0.083224 0.101000
0 0.184482 0.055021 0.060521 0.107005
0 0.402495 0.025486 0.086703 0.049333
0 0.541109 0.407620 0.088240 0.224907
1 0.305268 0.661944 0.015172 0.036296
0 0.772928 0.316736 0.096471 0.123231
0 0.434888 0.300606 0.067906 0.146019
0 0.980169 0.581243 0.039448 0.112810
0 0.973077 0.478991 0.053846 0.112324
0 0.642943 0.493757 0.067443 0.165755
0 0.228348 0.075627 0.072039 0.149134
0 0.795503 0.602382 0.067724 0.176514
0 0.334341 0.198988 0.074745 0.145773
0 0.480247 0.356625 0.062745 0.154407
0 0.912049 0.685850 0.064911 0.173245
0 0.692618 0.528861 0.067805 0.163102
0 0.870887 0.395743 0.102466 0.127273
0 0.482185 0.089722 0.092937 0.121741