0 0.841391 0.087933 0.031073 0.027079
0 0.934056 0.084843 0.058909 0.101037
0 0.349327 0.793873 0.058440 0.148773
0 0.300773 0.934873 0.062870 0.128088
0 0.873712 0.191495 0.065732 0.111676
0 0.439198 0.522389 0.057786 0.127667
0 0.809358 0.722539 0.078430 0.147931
0 0.676397 0.523998 0.080227 0.127699
0 0.327393 0.225428 0.012198 0.064690
0 0.404191 0.302750 0.069570 0.073889
0 0.974233 0.018694 0.033742 0.037389
0 0.613383 0.441924 0.052328 0.114199
0 0.554268 0.154382 0.049359 0.107875
0 0.479092 0.393227 0.051268 0.117630
0 0.680809 0.308625 0.107966 0.133972
0 0.764801 0.097215 0.127648 0.151468
0 0.591810 0.048965 0.047115 0.094829
0 0.740357 0.235271 0.062932 0.083125
0 0.749547 0.180336 0.050760 0.064292
0 0.710936 0.267525 0.063810 0.088875
1 0.461582 0.380412 0.014586 0.017287
0 0.837861 0.059766 0.029034 0.028190