0 0.404350 0.572551 0.080570 0.146037
0 0.554286 0.819556 0.110625 0.253009
0 0.815801 0.794898 0.102362 0.161843
0 0.494022 0.733104 0.076997 0.164421
0 0.360247 0.509528 0.086224 0.150824
0 0.617969 0.547873 0.093677 0.145134
0 0.453487 0.654734 0.081016 0.152671
0 0.525771 0.432322 0.093438 0.146069
0 0.264113 0.339238 0.083482 0.153032
0 0.715105 0.666789 0.091945 0.140301
0 0.225857 0.283600 0.079745 0.145431
0 0.726145 0.444931 0.088492 0.136481
0 0.610384 0.875799 0.074810 0.175847
0 0.319430 0.453523 0.080229 0.135120
0 0.453410 0.308979 0.087690 0.119866
0 0.913866 0.916831 0.104263 0.160366
0 0.165827 0.163407 0.077289 0.141269
0 0.228013 0.111896 0.070422 0.135116
0 0.768555 0.990625 0.035323 0.017676
0 0.117215 0.060914 0.040039 0.057144
0 0.644743 0.326861 0.082831 0.130861
0 0.446370 0.043264 0.068401 0.080463
0 0.580538 0.226755 0.074492 0.120620
0 0.197919 0.221271 0.073938 0.139125
1 0.420988 0.747303 0.016622 0.040023
1 0.255190 0.995940 0.011562 0.008120
1 0.521691 0.043025 0.014857 0.046949
0 0.656439 0.929500 0.082701 0.138000
0 0.800035 0.601120 0.102643 0.128139
0 0.285294 0.116984 0.071083 0.141060
0 0.140507 0.096924 0.081909 0.119866
0 0.715217 0.960586 0.065883 0.077005
0 0.508951 0.118845 0.069948 0.113134