0 0.972070 0.497176 0.055703 0.109574
0 0.934658 0.334315 0.079961 0.101935
0 0.963711 0.144093 0.069656 0.154972
0 0.863358 0.111132 0.081565 0.101755
0 0.990103 0.586859 0.019794 0.111255
0 0.834361 0.050324 0.119008 0.098472
1 0.163259 0.127972 0.020622 0.052815
0 0.969980 0.384100 0.060039 0.120625
1 0.080326 0.836505 0.021641 0.028750
0 0.882122 0.190188 0.089375 0.096319
0 0.474940 0.489213 0.019641 0.067222
1 0.546543 0.215889 0.014799 0.044407
0 0.908437 0.259785 0.088526 0.103505
0 0.688535 0.742431 0.044805 0.043194
1 0.045279 0.808856 0.025854 0.036824
0 0.975811 0.066377 0.048378 0.130940
0 0.165832 0.085988 0.024862 0.051681
0 0.163259 0.127972 0.020622 0.052815