1 0.301335 0.713808 0.015065 0.032986
0 0.380272 0.287366 0.069357 0.144056
0 0.481553 0.130456 0.093669 0.123551
0 0.433467 0.345241 0.068539 0.147056
0 0.331760 0.241102 0.075224 0.147630
0 0.595414 0.490370 0.059490 0.153204
0 0.287462 0.202711 0.070299 0.133236
0 0.642931 0.542935 0.068164 0.169509
0 0.774626 0.363623 0.098086 0.124708
0 0.225121 0.113544 0.073102 0.152875
0 0.693336 0.579414 0.068693 0.166375
0 0.854875 0.700174 0.070396 0.182560
0 0.874046 0.444535 0.103727 0.129662
0 0.478841 0.402757 0.063083 0.155116
0 0.915103 0.740370 0.064659 0.176426
0 0.797602 0.655699 0.068516 0.180296
0 0.666260 0.088995 0.084844 0.109398
0 0.744997 0.615519 0.062411 0.160194
0 0.673921 0.280831 0.087581 0.114801
0 0.576607 0.204176 0.091245 0.129000
0 0.401703 0.044914 0.086630 0.087995
0 0.744663 0.205694 0.095044 0.097278
0 0.182854 0.078650 0.067271 0.140819
0 0.970010 0.777192 0.058630 0.178218
0 0.148621 0.048852 0.057279 0.095194
0 0.974814 0.530502 0.050242 0.114644
0 0.582107 0.033403 0.080141 0.063639
1 0.432122 0.594451 0.014219 0.036199
0 0.108785 0.030181 0.052404 0.058111
0 0.541038 0.454248 0.090112 0.229079
1 0.280243 0.700968 0.014393 0.031028