0 0.491776 0.037067 0.044255 0.074134
0 0.059673 0.947118 0.119346 0.105764
0 0.358174 0.871095 0.067755 0.170773
0 0.558428 0.061164 0.048518 0.121653
0 0.549608 0.606111 0.094846 0.092037
0 0.152928 0.730400 0.083456 0.117653
0 0.107991 0.787072 0.084341 0.113708
0 0.087342 0.871234 0.077039 0.110144
0 0.205542 0.326479 0.096448 0.146801
0 0.194656 0.657442 0.139073 0.175856
0 0.284299 0.474190 0.068432 0.149306
0 0.487331 0.334104 0.059609 0.157523
0 0.082993 0.142650 0.068648 0.135162
0 0.319465 0.992194 0.031227 0.015611