0 0.107844 0.166021 0.045365 0.127319
0 0.179995 0.454109 0.058240 0.146347
0 0.836939 0.175764 0.029404 0.050324
0 0.882326 0.157062 0.037042 0.113819
0 0.882366 0.157002 0.037388 0.113347
0 0.645190 0.232192 0.040589 0.124838
0 0.081809 0.054037 0.043013 0.102324
0 0.409207 0.266523 0.013878 0.035935
0 0.212443 0.613269 0.055807 0.167731
0 0.974919 0.147037 0.036760 0.082315
0 0.137102 0.295007 0.045203 0.116301
0 0.561659 0.325843 0.042630 0.132907
1 0.409118 0.228169 0.013690 0.041069
0 0.605194 0.270502 0.038961 0.148597
1 0.579803 0.199560 0.012685 0.036898