1 0.474257 0.339810 0.016315 0.017287
0 0.853711 0.048194 0.029646 0.029583
0 0.988564 0.014931 0.022872 0.029861
0 0.304591 0.883213 0.065089 0.146907
0 0.683841 0.492745 0.081156 0.123139
0 0.857232 0.076498 0.028250 0.027634
0 0.723146 0.244308 0.063312 0.088829
0 0.344078 0.182468 0.015927 0.066926
0 0.886618 0.176162 0.065534 0.108565
0 0.948646 0.075072 0.059302 0.097819
0 0.570164 0.123924 0.050667 0.106681
0 0.753616 0.214745 0.063622 0.084139
0 0.694487 0.282674 0.107755 0.135088
0 0.812561 0.694736 0.075414 0.148565
0 0.355559 0.736924 0.059664 0.144477
0 0.448740 0.479535 0.058177 0.123431
0 0.623172 0.410475 0.052990 0.112125
0 0.780638 0.081245 0.126266 0.154639
0 0.609260 0.034583 0.046161 0.068685
0 0.491092 0.353583 0.051607 0.114972
0 0.766589 0.165243 0.057167 0.073514
0 0.419279 0.260104 0.071828 0.076699