0 0.138254 0.782859 0.066596 0.071644
0 0.152914 0.563637 0.119734 0.085255
0 0.256297 0.145255 0.040479 0.121556
0 0.316565 0.541069 0.037833 0.117231
0 0.229577 0.203120 0.051706 0.102324
0 0.066385 0.352470 0.048781 0.133144
0 0.007599 0.829789 0.015151 0.163097
0 0.278246 0.978958 0.035669 0.040583
0 0.960395 0.703542 0.066482 0.092111
0 0.144398 0.644694 0.071443 0.063833
0 0.160254 0.391861 0.037268 0.117843
0 0.337118 0.695023 0.041440 0.132444
0 0.155650 0.872995 0.152867 0.130676
0 0.365938 0.252565 0.067161 0.093370
0 0.130832 0.714639 0.072237 0.066769