1 0.564639 0.857563 0.016924 0.044403
1 0.725543 0.423581 0.018919 0.034551
1 0.695669 0.612023 0.018875 0.028519
1 0.265478 0.672148 0.022622 0.030046
1 0.258509 0.709993 0.021612 0.029968
1 0.700992 0.703431 0.018135 0.033556
1 0.182939 0.938553 0.020091 0.031810
1 0.145501 0.663792 0.016529 0.031963
1 0.241129 0.664961 0.020690 0.026088
1 0.281303 0.395104 0.015190 0.036125
1 0.294599 0.382926 0.012781 0.037870
1 0.593951 0.827294 0.018516 0.032505
1 0.246220 0.833593 0.022154 0.034991
1 0.669353 0.432292 0.015273 0.036259
1 0.108332 0.696361 0.013216 0.033676
1 0.122607 0.697706 0.013151 0.038394
1 0.198893 0.888088 0.030078 0.037380
1 0.315641 0.381940 0.010911 0.035259