1 0.073307 0.116405 0.021297 0.046884
1 0.120733 0.539741 0.029862 0.046361
1 0.141453 0.356343 0.032594 0.067500
0 0.613326 0.194972 0.040375 0.090472
1 0.022480 0.751132 0.020716 0.041745
1 0.038077 0.767644 0.028076 0.049852
1 0.455159 0.936961 0.014448 0.055949
1 0.422926 0.614528 0.017013 0.043481
1 0.204076 0.942387 0.016526 0.061236
1 0.220305 0.943083 0.023411 0.073130
1 0.430363 0.989877 0.007279 0.020245
1 0.776568 0.006069 0.009005 0.012139
1 0.788725 0.004123 0.007570 0.008245
1 0.057991 0.083954 0.016622 0.037500
1 0.331616 0.927516 0.021659 0.040838