1 0.538060 0.752245 0.019766 0.045880
1 0.723294 0.040083 0.026859 0.070241
1 0.474276 0.324306 0.011833 0.043333
1 0.294358 0.784359 0.021570 0.038218
1 0.493682 0.391127 0.022359 0.054218
1 0.580168 0.415426 0.020357 0.056491
0 0.660139 0.214479 0.026393 0.056319
1 0.012646 0.641252 0.025271 0.049051
1 0.602826 0.406113 0.013490 0.034125
1 0.709488 0.022975 0.022492 0.045949
1 0.168539 0.652176 0.026708 0.040620
1 0.580361 0.415042 0.019951 0.056009
1 0.161776 0.454333 0.020828 0.046111
1 0.182874 0.420255 0.020445 0.042806
1 0.184980 0.530141 0.023320 0.053486
1 0.528720 0.769720 0.022299 0.051023
1 0.714091 0.515773 0.019745 0.042065
1 0.726754 0.498634 0.024148 0.046250
1 0.470164 0.303924 0.015484 0.048634
1 0.022169 0.913289 0.041687 0.046903
1 0.430767 0.126933 0.018195 0.026014
1 0.195486 0.065880 0.026581 0.040185