1 0.295241 0.813361 0.012815 0.031824
1 0.274677 0.799456 0.015167 0.030727
0 0.327672 0.029134 0.049365 0.052213
0 0.333725 0.321917 0.078112 0.150889
0 0.077867 0.027463 0.053932 0.053120
1 0.428755 0.639479 0.015583 0.039403
0 0.184306 0.024539 0.053065 0.046551
0 0.980311 0.648324 0.038898 0.120130
0 0.522143 0.034127 0.074917 0.065162
0 0.151534 0.094419 0.063583 0.140458
0 0.117770 0.060903 0.070263 0.119250
0 0.973105 0.903764 0.053789 0.186750
0 0.590589 0.089669 0.082177 0.117514
0 0.754100 0.299382 0.096852 0.101394
0 0.750212 0.726894 0.065320 0.166704
0 0.803822 0.770937 0.070586 0.189569
0 0.582730 0.293417 0.092753 0.129861
0 0.185031 0.146169 0.071885 0.146606
0 0.675743 0.176488 0.086070 0.113097
0 0.681112 0.375801 0.089891 0.119065
0 0.922091 0.863343 0.067943 0.183704
0 0.407076 0.113613 0.087552 0.108208
0 0.226504 0.186479 0.075065 0.154116
0 0.382247 0.371185 0.071667 0.145380
0 0.289212 0.280551 0.072581 0.134157
0 0.598854 0.588708 0.062307 0.160000
0 0.486767 0.213368 0.094518 0.128199
0 0.480738 0.493618 0.065773 0.157227
0 0.435645 0.432488 0.071227 0.149708
0 0.884250 0.553560 0.105719 0.135065
0 0.698527 0.687273 0.070555 0.172213
0 0.647202 0.646694 0.070164 0.176491
0 0.783723 0.465859 0.100201 0.130134
0 0.543009 0.550720 0.092336 0.235384
0 0.861695 0.821127 0.073286 0.187616