1 0.182513 0.976928 0.013182 0.027440
1 0.205523 0.977243 0.012594 0.027032
1 0.114346 0.780468 0.013693 0.041426
1 0.234281 0.745396 0.024891 0.024727
1 0.695964 0.675600 0.022297 0.027708
1 0.713145 0.483285 0.024383 0.034662
1 0.656328 0.493495 0.019781 0.039111
1 0.260003 0.753289 0.021328 0.027060
1 0.304167 0.447935 0.019557 0.035972
1 0.601219 0.913924 0.020781 0.040699
1 0.272014 0.465188 0.015102 0.031838
1 0.099827 0.781095 0.013279 0.032699
1 0.151974 0.754593 0.010474 0.026361
1 0.251880 0.791185 0.022740 0.033935
1 0.286090 0.454669 0.013091 0.038005
1 0.700977 0.772891 0.018104 0.028606
1 0.272040 0.464116 0.014039 0.032250
1 0.572854 0.954956 0.023823 0.051894
1 0.238081 0.921907 0.025323 0.038037