1 0.713688 0.844285 0.010432 0.029792
1 0.956388 0.145218 0.017771 0.037546
1 0.704346 0.859727 0.010792 0.031176
1 0.713452 0.843539 0.012815 0.032375
1 0.058698 0.563338 0.029115 0.023880
1 0.112648 0.563373 0.008505 0.020542
1 0.093033 0.525016 0.015706 0.035310
1 0.791092 0.710951 0.019086 0.035958
1 0.815102 0.585243 0.005464 0.015162
1 0.704227 0.860012 0.010432 0.029792
1 0.822581 0.588789 0.012026 0.030199
1 0.802941 0.731111 0.020992 0.028241
1 0.825672 0.699975 0.023396 0.038005
1 0.912355 0.571664 0.016904 0.026847
1 0.838734 0.530690 0.014797 0.025269