0 0.631186 0.474016 0.071013 0.076625
0 0.733574 0.214491 0.031529 0.031231
1 0.398108 0.725562 0.020914 0.022079
0 0.392555 0.897164 0.049536 0.162690
0 0.801630 0.938215 0.087703 0.121653
0 0.869689 0.055488 0.035633 0.036792
0 0.830742 0.201125 0.054995 0.119204
0 0.457234 0.421706 0.039484 0.117634
0 0.561940 0.707016 0.043302 0.134394
0 0.478230 0.286174 0.037971 0.115671
0 0.414867 0.725718 0.042401 0.137472
0 0.588539 0.085609 0.034812 0.110023
0 0.604773 0.532220 0.110141 0.111801
0 0.654799 0.427502 0.066474 0.078051
0 0.661145 0.366954 0.062341 0.071315
0 0.318518 0.660468 0.079484 0.066472
0 0.878229 0.017660 0.031641 0.035319
0 0.861164 0.099778 0.041828 0.045120
0 0.726469 0.192546 0.026510 0.035972
0 0.658225 0.266949 0.130003 0.125519
0 0.784630 0.346347 0.057714 0.132667
0 0.640072 0.792544 0.071706 0.159801
0 0.228417 0.616787 0.008880 0.072528