0 0.316859 0.538125 0.038427 0.117463
0 0.255021 0.146727 0.040479 0.119222
0 0.230605 0.209507 0.052534 0.097662
0 0.161259 0.392113 0.037643 0.116532
0 0.338007 0.689197 0.042784 0.131606
0 0.068232 0.354181 0.048557 0.133361
0 0.159742 0.868079 0.152234 0.132676
0 0.133879 0.712153 0.072451 0.067343
0 0.281746 0.974544 0.036174 0.049505
0 0.954522 0.692410 0.065076 0.083495
0 0.011292 0.825991 0.022583 0.156630
0 0.146426 0.642718 0.070221 0.064102
0 0.141134 0.779456 0.066904 0.072338
0 0.364203 0.251479 0.067760 0.092792
0 0.154786 0.562697 0.118411 0.087653