1 0.509270 0.849931 0.024164 0.064861
1 0.493983 0.044308 0.018013 0.069394
1 0.474098 0.036194 0.017076 0.055898
1 0.483758 0.415347 0.018542 0.031806
1 0.511401 0.931190 0.016708 0.044972
1 0.864529 0.727433 0.027349 0.034579
1 0.862630 0.693187 0.020885 0.034060
1 0.525684 0.933410 0.013685 0.038273
1 0.448040 0.414815 0.019753 0.038722
1 0.484348 0.448933 0.019690 0.025838
1 0.452306 0.355468 0.014872 0.031491
1 0.535491 0.852954 0.018654 0.033074
1 0.542547 0.927711 0.014750 0.035690
1 0.442421 0.381523 0.015992 0.030065
1 0.467953 0.354741 0.016583 0.033417
1 0.480223 0.384421 0.018107 0.028472
1 0.824016 0.663356 0.021573 0.036435
1 0.824298 0.706653 0.021461 0.036787
1 0.891534 0.224815 0.022818 0.029352
1 0.444042 0.448035 0.019260 0.031616
1 0.468461 0.469477 0.017385 0.038676
1 0.839424 0.744470 0.019745 0.030227