0 0.200454 0.708880 0.028930 0.026222
1 0.895893 0.008868 0.008094 0.017736
1 0.759923 0.066657 0.011331 0.040287
1 0.398717 0.781921 0.012685 0.024861
1 0.408802 0.770356 0.010083 0.028333
1 0.419859 0.759081 0.011385 0.025440
1 0.401809 0.833674 0.014961 0.030069
1 0.594316 0.560086 0.010539 0.024977
1 0.590413 0.583676 0.010539 0.020815
1 0.766297 0.058616 0.012594 0.037722
1 0.601932 0.363454 0.007042 0.017537
1 0.681051 0.157882 0.015279 0.027755
1 0.689264 0.247250 0.013893 0.030963
1 0.124176 0.632410 0.017805 0.034532
1 0.110417 0.638169 0.017807 0.034532
1 0.367850 0.544199 0.007878 0.020176
1 0.375667 0.566708 0.010156 0.024120
1 0.717542 0.147736 0.010771 0.023741
1 0.482382 0.378706 0.009857 0.029986
1 0.682237 0.233347 0.012365 0.026907
1 0.697852 0.165866 0.011484 0.029102
1 0.719827 0.169377 0.010773 0.023736
1 0.624993 0.344782 0.009049 0.012843
1 0.823366 0.342259 0.009555 0.033972
1 0.292837 0.477447 0.016456 0.039338
1 0.302738 0.562322 0.010930 0.018227
0 0.326135 0.496674 0.027766 0.028940
1 0.295061 0.541833 0.008716 0.023648
1 0.303332 0.466639 0.013232 0.035056