0 0.956790 0.106667 0.086419 0.212444
0 0.384965 0.949125 0.087060 0.099954
0 0.785462 0.073125 0.110836 0.143796
0 0.988615 0.408021 0.022771 0.140394
1 0.337888 0.724391 0.014547 0.024542
0 0.993228 0.185067 0.013544 0.140977
0 0.961775 0.953870 0.076451 0.090194
0 0.980223 0.906944 0.039555 0.184815
0 0.224616 0.055252 0.076445 0.106866
1 0.325491 0.695150 0.011268 0.020449
0 0.319186 0.884419 0.147940 0.229292
0 0.161729 0.185813 0.094172 0.199625
0 0.874645 0.117343 0.153690 0.229083
0 0.514736 0.032928 0.064544 0.062773