1 0.126215 0.440900 0.028164 0.056977
1 0.267042 0.251750 0.022339 0.065787
1 0.470367 0.259014 0.015203 0.062713
1 0.438876 0.017234 0.015659 0.033060
1 0.086440 0.106917 0.016661 0.052056
1 0.109784 0.465074 0.028005 0.060435
1 0.251017 0.260468 0.025253 0.065611
1 0.448655 0.308238 0.011320 0.029903
1 0.104702 0.121447 0.029815 0.056921
1 0.265173 0.261354 0.020065 0.068449
1 0.154766 0.005539 0.007302 0.011079
1 0.449053 0.306880 0.008065 0.028676
1 0.116783 0.472824 0.036747 0.047741
1 0.128943 0.443975 0.020396 0.050940
1 0.252072 0.253574 0.014638 0.059611
1 0.362427 0.249292 0.019115 0.048407