0 0.774862 0.376343 0.098557 0.125259
0 0.970382 0.792280 0.058706 0.180079
0 0.150638 0.054079 0.062755 0.105907
1 0.278965 0.715986 0.015221 0.028917
0 0.581764 0.038928 0.080982 0.075801
0 0.975191 0.544641 0.049414 0.116116
0 0.109729 0.034551 0.056724 0.067954
1 0.431729 0.595618 0.014177 0.024625
0 0.540296 0.466572 0.089596 0.227931
0 0.666397 0.100384 0.084841 0.108639
1 0.299757 0.728958 0.012378 0.034213
0 0.432953 0.356863 0.068849 0.148255
0 0.595382 0.502840 0.060086 0.154940
0 0.478353 0.414296 0.063690 0.154315
0 0.379565 0.299037 0.069349 0.142759
0 0.855629 0.715088 0.070096 0.183389
0 0.642964 0.556914 0.068302 0.169255
0 0.481371 0.141588 0.093497 0.124861
0 0.693273 0.593116 0.068797 0.167028
0 0.224026 0.124185 0.073542 0.153250
0 0.331165 0.252581 0.076279 0.148495
0 0.874803 0.457817 0.103898 0.129616
0 0.915846 0.755551 0.064500 0.176991
0 0.745059 0.629023 0.063096 0.161269
0 0.286286 0.213907 0.071755 0.133213
0 0.674105 0.292366 0.087971 0.115343
0 0.797743 0.670287 0.068518 0.180713
0 0.576543 0.215998 0.091758 0.129060
0 0.401139 0.050697 0.087461 0.101106
0 0.182143 0.088113 0.067891 0.141569
0 0.744616 0.218153 0.094633 0.096620