0 0.698471 0.039377 0.078109 0.076782
0 0.776859 0.167553 0.078521 0.120199
0 0.920380 0.420681 0.085141 0.137537
0 0.839337 0.304715 0.086091 0.123551
0 0.948182 0.517736 0.089354 0.129972
0 0.873853 0.369845 0.078299 0.121208
0 0.804620 0.242146 0.085078 0.118356
0 0.739017 0.098801 0.114966 0.166454
0 0.958400 0.207479 0.077721 0.149338
0 0.880832 0.161394 0.078997 0.151769
0 0.891324 0.067435 0.072180 0.129120
0 0.967859 0.085049 0.064099 0.126236
0 0.975260 0.590884 0.049349 0.139120
1 0.105762 0.332243 0.022747 0.044597
1 0.508815 0.343549 0.018594 0.039366
1 0.118016 0.141259 0.014620 0.034824
1 0.112487 0.302838 0.016177 0.027398
0 0.992160 0.296627 0.015680 0.114153
0 0.436951 0.714859 0.016630 0.077005
0 0.992120 0.348681 0.015760 0.183231
0 0.691193 0.901595 0.042526 0.040005
1 0.128391 0.322840 0.017115 0.039810
0 0.741803 0.966894 0.041805 0.066213
0 0.838111 0.009926 0.029388 0.016991
1 0.122572 0.165222 0.017253 0.038037
0 0.057539 0.413699 0.029687 0.041676
0 0.056354 0.473785 0.021214 0.051227
1 0.131310 0.155042 0.019807 0.029630
1 0.491294 0.124329 0.013063 0.038981
1 0.477484 0.099713 0.013625 0.029194