1 0.037069 0.892294 0.035445 0.030866
1 0.337852 0.482977 0.029557 0.058361
1 0.617040 0.362715 0.018258 0.050532
1 0.346652 0.538074 0.026331 0.045241
1 0.055931 0.512347 0.027070 0.030991
1 0.128587 0.467329 0.030305 0.040565
1 0.081216 0.513954 0.027156 0.032917
1 0.160897 0.404431 0.025549 0.056370
1 0.125570 0.403699 0.026297 0.064630
1 0.144357 0.398428 0.026948 0.056069
1 0.835339 0.486773 0.016042 0.026102
1 0.034779 0.130597 0.014682 0.029352
1 0.009202 0.123368 0.018404 0.024532
1 0.198423 0.277981 0.025190 0.041556
1 0.200091 0.261296 0.037781 0.043889
1 0.792526 0.972639 0.032448 0.050093
1 0.766557 0.980648 0.032562 0.037685