1 0.328065 0.738819 0.011969 0.024519
1 0.340499 0.766116 0.015414 0.027769
0 0.988345 0.231924 0.023310 0.177838
0 0.983224 0.412160 0.033552 0.234125
0 0.953223 0.974218 0.077503 0.051565
0 0.974559 0.925560 0.050883 0.148167
0 0.392492 0.967481 0.064443 0.064204
0 0.235643 0.082873 0.086667 0.162810
0 0.952331 0.134234 0.095339 0.265958
0 0.861807 0.143940 0.141458 0.278204
0 0.539775 0.044935 0.078826 0.087037
0 0.168229 0.240100 0.092802 0.192356
0 0.791553 0.100023 0.133945 0.196435
0 0.330220 0.905394 0.127841 0.189213