0 0.796471 0.142338 0.030969 0.030889
0 0.940064 0.189801 0.036508 0.112917
0 0.575602 0.367771 0.042026 0.150181
0 0.533980 0.429012 0.047586 0.134921
1 0.382384 0.359600 0.016846 0.032931
0 0.846829 0.206558 0.041008 0.116755
0 0.371845 0.402308 0.024159 0.054921
0 0.057680 0.337648 0.049484 0.137176
0 0.685879 0.137574 0.076065 0.103620
1 0.556172 0.287181 0.013021 0.035593
0 0.183609 0.799005 0.049875 0.178935
0 0.025992 0.223868 0.046599 0.107523
0 0.148904 0.651440 0.057656 0.113981
0 0.612930 0.323850 0.042896 0.123227