0 0.374924 0.992935 0.042542 0.013861
0 0.466148 0.385424 0.082302 0.142597
0 0.380314 0.507185 0.091279 0.142926
0 0.715559 0.234576 0.069419 0.131032
0 0.282264 0.610648 0.102201 0.130343
0 0.644767 0.064866 0.071362 0.127324
0 0.053549 0.768692 0.103349 0.119023
0 0.160853 0.699062 0.109570 0.126856
0 0.717428 0.061407 0.071315 0.121185
0 0.457572 0.968326 0.097987 0.062134
0 0.021936 0.949407 0.043669 0.098046
0 0.561654 0.233775 0.078781 0.147977
0 0.519721 0.406051 0.035563 0.067111
1 0.596878 0.026699 0.013448 0.044352